Timestamp WorkflowId PeakValueRss1 PeakValueRss2 PeakValueRss3 PeakValueRss4 PeakValueRss5 PeakValueRss6 PeakValueRss7 PeakValueRss8 PeakValueRss9 PeakValueVsize1 PeakValueVsize2 PeakValueVsize3 PeakValueVsize4 PeakValueVsize5 PeakValueVsize6 PeakValueVsize7 PeakValueVsize8 PeakValueVsize9 TotalJobCPU1 TotalJobCPU2 TotalJobCPU3 TotalJobCPU4 TotalJobCPU5 TotalJobCPU6 TotalJobCPU7 TotalJobCPU8 TotalJobCPU9 TotalJobTime1 TotalJobTime2 TotalJobTime3 TotalJobTime4 TotalJobTime5 TotalJobTime6 TotalJobTime7 TotalJobTime8 TotalJobTime9
1681203600.0 1.0 84 130 183 NA NA NA NA NA NA 286 254 417 NA NA NA NA NA NA 1293 362 957 NA NA NA NA NA NA 1336 1571 1949 NA NA NA NA NA NA
1681203600.0 10.0 NA 144 293 0 NA NA NA NA NA NA 306 559 0 NA NA NA NA NA NA 1489 3107 447 NA NA NA NA NA NA 1167 3171 610 NA NA NA NA NA
1681203600.0 1000.0 NA 276 153 0 52 NA NA NA NA NA 541 340 0 189 NA NA NA NA NA 2712 825 349 286 NA NA NA NA NA 3191 1536 505 359 NA NA NA NA
1681203600.0 10001.0 NA 216 450 0 87 93 NA NA NA NA 381 847 0 232 256 NA NA NA NA 1574 1684 472 391 484 NA NA NA NA 1398 2833 1130 908 809 NA NA NA
1681203600.0 10002.0 NA 214 451 0 87 91 NA NA NA NA 389 803 0 234 254 NA NA NA NA 1531 1712 459 390 494 NA NA NA NA 1044 3322 740 998 849 NA NA NA
1681203600.0 10003.0 NA 207 453 0 93 91 NA NA NA NA 380 821 0 227 252 NA NA NA NA 1556 1701 468 389 506 NA NA NA NA 1513 2314 915 888 1069 NA NA NA
1681203600.0 10004.0 NA 210 450 0 86 92 NA NA NA NA 382 824 0 229 259 NA NA NA NA 1541 1669 455 392 486 NA NA NA NA 1300 3331 760 1099 959 NA NA NA
1681203600.0 10005.0 NA 212 450 0 88 92 NA NA NA NA 397 827 0 234 249 NA NA NA NA 1560 1662 474 385 497 NA NA NA NA 1701 3035 724 963 834 NA NA NA
1681203600.0 10006.0 NA 215 446 0 86 95 NA NA NA NA 387 808 0 234 241 NA NA NA NA 1549 1644 470 388 474 NA NA NA NA 1125 2152 1126 760 739 NA NA NA
1681203600.0 10007.0 NA 212 453 0 115 88 NA NA NA NA 393 831 0 310 253 NA NA NA NA 1565 1706 473 402 490 NA NA NA NA 1537 2355 980 934 837 NA NA NA
1681203600.0 10008.0 NA 211 453 0 115 99 NA NA NA NA 390 834 0 309 250 NA NA NA NA 1547 1693 475 402 497 NA NA NA NA 984 2216 869 1018 1212 NA NA NA
1681203600.0 10009.0 NA 218 455 0 124 90 NA NA NA NA 395 821 0 305 256 NA NA NA NA 1550 1735 478 395 498 NA NA NA NA 1692 2727 1109 818 1163 NA NA NA
1681203600.0 1001.0 NA 258 124 0 0 0 0 0 0 NA 493 281 0 0 0 0 0 0 NA 2145 461 102 81 116 280 130 287 NA 3606 1693 634 187 378 697 239 439
1681203600.0 1001.2 NA 528 169 0 0 0 0 NA NA NA 944 367 0 0 0 0 NA NA NA 10545 881 125 156 150 169 NA NA NA 4886 1562 287 645 376 374 NA NA
1681203600.0 1001.3 NA 508 159 0 NA NA NA NA NA NA 949 366 0 NA NA NA NA NA NA 8285 926 274 NA NA NA NA NA NA 4628 986 610 NA NA NA NA NA
1681203600.0 1002.0 NA 277 77 NA NA NA NA NA NA NA 521 172 NA NA NA NA NA NA NA 2585 221 NA NA NA NA NA NA NA 3175 260 NA NA NA NA NA NA
1681203600.0 1002.3 NA 498 161 0 NA NA NA NA NA NA 905 356 0 NA NA NA NA NA NA 6300 728 261 NA NA NA NA NA NA 2958 1227 666 NA NA NA NA NA
1681203600.0 1002.4 NA 505 0 NA NA NA NA NA NA NA 954 0 NA NA NA NA NA NA NA 9583 441 NA NA NA NA NA NA NA 4360 613 NA NA NA NA NA NA
1681203600.0 10023.0 NA 216 450 0 93 89 NA NA NA NA 382 818 0 231 251 NA NA NA NA 1563 1697 475 401 479 NA NA NA NA 1370 4291 776 1077 819 NA NA NA
1681203600.0 10024.0 NA 229 469 0 118 110 NA NA NA NA 406 841 0 310 260 NA NA NA NA 1599 1959 499 406 509 NA NA NA NA 1684 3357 1032 948 1052 NA NA NA
1681203600.0 10024.1 NA 228 237 0 NA NA NA NA NA NA 400 520 0 NA NA NA NA NA NA 1512 762 415 NA NA NA NA NA NA 984 1565 539 NA NA NA NA NA
1681203600.0 10024.2 NA 229 463 0 NA NA NA NA NA NA 393 890 0 NA NA NA NA NA NA 1592 1913 482 NA NA NA NA NA NA 1168 3117 757 NA NA NA NA NA
1681203600.0 10024.3 NA 224 223 0 NA NA NA NA NA NA 416 510 0 NA NA NA NA NA NA 1527 761 362 NA NA NA NA NA NA 1891 1367 443 NA NA NA NA NA
1681203600.0 10024.4 NA 228 463 0 NA NA NA NA NA NA 411 832 0 NA NA NA NA NA NA 1593 1887 480 NA NA NA NA NA NA 1590 3147 838 NA NA NA NA NA
1681203600.0 10024.5 NA 228 115 0 NA NA NA NA NA NA 388 306 0 NA NA NA NA NA NA 1510 514 205 NA NA NA NA NA NA 900 1204 291 NA NA NA NA NA
1681203600.0 10025.0 NA 216 462 0 93 96 NA NA NA NA 386 854 0 233 259 NA NA NA NA 1577 1755 490 398 496 NA NA NA NA 1542 2946 838 935 753 NA NA NA
1681203600.0 10026.0 NA 227 474 0 92 114 NA NA NA NA 396 844 0 237 254 NA NA NA NA 1613 2098 502 391 472 NA NA NA NA 1267 2977 847 856 578 NA NA NA
1681203600.0 1003.0 NA 308 0 NA NA NA NA NA NA NA 662 0 NA NA NA NA NA NA NA 2707 303 NA NA NA NA NA NA NA 3343 393 NA NA NA NA NA NA
1681203600.0 1004.0 NA 200 94 0 0 0 0 NA NA NA 415 231 0 0 0 0 NA NA NA 914 298 95 119 290 286 NA NA NA 1420 1547 697 328 546 436 NA NA
1681203600.0 10042.0 NA 216 460 0 118 99 NA NA NA NA 393 838 0 314 248 NA NA NA NA 1559 1803 483 411 499 NA NA NA NA 1387 3750 736 876 937 NA NA NA
1681203600.0 1005.0 NA 146 96 0 NA NA NA NA NA NA 390 283 0 NA NA NA NA NA NA 560 244 105 NA NA NA NA NA NA 781 358 163 NA NA NA NA NA
1681203600.0 10059.0 NA 228 469 0 91 93 NA NA NA NA 405 843 0 240 256 NA NA NA NA 1610 2410 488 397 521 NA NA NA NA 1324 2912 730 1007 1105 NA NA NA
1681203600.0 10071.0 NA 221 466 0 89 101 NA NA NA NA 400 820 0 239 257 NA NA NA NA 1569 1852 492 401 499 NA NA NA NA 1095 3319 788 1166 753 NA NA NA
1681203600.0 101.0 100 NA NA NA NA NA NA NA NA 316 NA NA NA NA NA NA NA NA 795 NA NA NA NA NA NA NA NA 790 NA NA NA NA NA NA NA NA
1681203600.0 1010.0 NA 40 51 0 NA NA NA NA NA NA 163 181 0 NA NA NA NA NA NA 156 191 185 NA NA NA NA NA NA 613 283 260 NA NA NA NA NA
1681203600.0 102.0 102 NA NA NA NA NA NA NA NA 300 NA NA NA NA NA NA NA NA 733 NA NA NA NA NA NA NA NA 763 NA NA NA NA NA NA NA NA
1681203600.0 1020.0 NA 36 33 0 37 NA NA NA NA NA 178 168 0 175 NA NA NA NA NA 193 152 80 184 NA NA NA NA NA 460 453 257 334 NA NA NA NA
1681203600.0 10224.0 NA 392 691 0 102 NA NA NA NA NA 632 1107 0 259 NA NA NA NA NA 3151 3521 517 508 NA NA NA NA NA 2323 3639 959 857 NA NA NA NA
1681203600.0 10224.15 NA 399 688 0 121 NA NA NA NA NA 640 1089 0 288 NA NA NA NA NA 2962 3254 484 592 NA NA NA NA NA 2196 3432 689 898 NA NA NA NA
1681203600.0 10225.0 NA 388 685 0 95 NA NA NA NA NA 628 1138 0 258 NA NA NA NA NA 3138 3204 505 500 NA NA NA NA NA 2053 3697 852 931 NA NA NA NA
1681203600.0 103.0 64 0 0 NA NA NA NA NA NA 224 0 0 NA NA NA NA NA NA 596 135 1265 NA NA NA NA NA NA 1774 252 1957 NA NA NA NA NA NA
1681203600.0 1030.0 NA 206 50 0 0 NA NA NA NA NA 513 175 0 0 NA NA NA NA NA 5007 176 73 68 NA NA NA NA NA 2360 245 145 99 NA NA NA NA
1681203600.0 1040.0 NA 477 39 0 NA NA NA NA NA NA 873 156 0 NA NA NA NA NA NA 8845 152 114 NA NA NA NA NA NA 4435 245 174 NA NA NA NA NA
1681203600.0 1040.1 NA 84 30 0 NA NA NA NA NA NA 208 156 0 NA NA NA NA NA NA 397 148 112 NA NA NA NA NA NA 1018 232 155 NA NA NA NA NA
1681203600.0 1041.0 NA 71 33 0 NA NA NA NA NA NA 205 164 0 NA NA NA NA NA NA 275 163 81 NA NA NA NA NA NA 728 270 114 NA NA NA NA NA
1681203600.0 1042.0 NA 62 33 0 NA NA NA NA NA NA 208 161 0 NA NA NA NA NA NA 432 166 81 NA NA NA NA NA NA 1073 254 124 NA NA NA NA NA
1681203600.0 10424.0 NA 183 428 0 NA NA NA NA NA NA 347 728 0 NA NA NA NA NA NA 414 1730 464 NA NA NA NA NA NA 689 2817 636 NA NA NA NA NA
1681203600.0 1043.0 NA 52 35 0 NA NA NA NA NA NA 196 177 0 NA NA NA NA NA NA 298 174 72 NA NA NA NA NA NA 449 253 102 NA NA NA NA NA
1681203600.0 1044.0 NA 63 76 0 NA NA NA NA NA NA 196 201 0 NA NA NA NA NA NA 302 218 86 NA NA NA NA NA NA 508 288 127 NA NA NA NA NA
1681203600.0 1045.0 NA 51 70 0 NA NA NA NA NA NA 198 194 0 NA NA NA NA NA NA 302 201 72 NA NA NA NA NA NA 441 247 104 NA NA NA NA NA
1681203600.0 105.0 83 116 27 NA NA NA NA NA NA 286 267 156 NA NA NA NA NA NA 1424 348 148 NA NA NA NA NA NA 1953 442 212 NA NA NA NA NA NA
1681203600.0 1052.0 NA 147 97 0 NA NA NA NA NA NA 399 282 0 NA NA NA NA NA NA 540 233 79 NA NA NA NA NA NA 819 335 119 NA NA NA NA NA
1681203600.0 1052.1 NA 86 0 NA NA NA NA NA NA NA 278 0 NA NA NA NA NA NA NA 227 76 NA NA NA NA NA NA NA 342 109 NA NA NA NA NA NA
1681203600.0 106.0 63 0 0 NA NA NA NA NA NA 222 0 0 NA NA NA NA NA NA 590 139 1265 NA NA NA NA NA NA 1804 370 1978 NA NA NA NA NA NA
1681203600.0 107.0 89 117 273 NA NA NA NA NA NA 290 267 510 NA NA NA NA NA NA 1865 382 1592 NA NA NA NA NA NA 1774 645 2461 NA NA NA NA NA NA
1681203600.0 108.0 84 122 275 NA NA NA NA NA NA 294 269 519 NA NA NA NA NA NA 2188 401 1634 NA NA NA NA NA NA 1951 1554 2464 NA NA NA NA NA NA
1681203600.0 10801.0 NA 209 441 0 87 97 NA NA NA NA 386 820 0 230 264 NA NA NA NA 1509 1688 466 397 509 NA NA NA NA 1376 3625 722 1006 981 NA NA NA
1681203600.0 10802.0 NA 206 442 0 89 102 NA NA NA NA 373 802 0 232 258 NA NA NA NA 1501 1700 478 392 478 NA NA NA NA 1418 4475 884 903 605 NA NA NA
1681203600.0 10803.0 NA 201 447 0 87 98 NA NA NA NA 381 809 0 235 255 NA NA NA NA 1520 1735 483 394 521 NA NA NA NA 1253 2796 838 723 1179 NA NA NA
1681203600.0 10804.0 NA 209 443 0 87 103 NA NA NA NA 385 866 0 233 259 NA NA NA NA 1521 1689 469 391 499 NA NA NA NA 1601 2748 921 759 805 NA NA NA
1681203600.0 10804.31 NA 205 436 0 88 107 NA NA NA NA 369 807 0 226 251 NA NA NA NA 1407 1960 436 375 457 NA NA NA NA 1047 4941 594 1092 589 NA NA NA
1681203600.0 10805.0 NA 209 441 0 88 101 NA NA NA NA 370 803 0 231 256 NA NA NA NA 1500 1700 467 391 502 NA NA NA NA 1329 3105 815 906 894 NA NA NA
1681203600.0 10805.31 NA 210 441 0 87 94 NA NA NA NA 376 817 0 232 253 NA NA NA NA 1414 1668 440 369 463 NA NA NA NA 1179 4645 622 749 638 NA NA NA
1681203600.0 10806.0 NA 209 438 0 87 95 NA NA NA NA 378 854 0 234 250 NA NA NA NA 1528 1695 465 394 486 NA NA NA NA 1292 3526 763 905 1008 NA NA NA
1681203600.0 10807.0 NA 210 447 0 113 96 NA NA NA NA 381 821 0 304 257 NA NA NA NA 1536 1683 474 405 497 NA NA NA NA 1272 2331 833 1008 815 NA NA NA
1681203600.0 10808.0 NA 211 447 0 115 95 NA NA NA NA 378 807 0 306 258 NA NA NA NA 1532 1709 479 401 480 NA NA NA NA 1083 2184 858 717 561 NA NA NA
1681203600.0 10809.0 NA 212 447 0 115 98 NA NA NA NA 379 828 0 309 258 NA NA NA NA 1529 1735 476 399 500 NA NA NA NA 1067 2827 804 912 693 NA NA NA
1681203600.0 10823.0 NA 210 444 0 88 110 NA NA NA NA 372 873 0 225 248 NA NA NA NA 1501 1717 475 395 485 NA NA NA NA 1204 3485 752 893 1003 NA NA NA
1681203600.0 10824.0 NA 220 460 0 119 97 NA NA NA NA 392 859 0 313 256 NA NA NA NA 1578 1876 503 417 522 NA NA NA NA 1805 3331 1104 1578 1184 NA NA NA
1681203600.0 10824.1 NA 220 236 0 NA NA NA NA NA NA 391 522 0 NA NA NA NA NA NA 1507 734 401 NA NA NA NA NA NA 1579 1302 520 NA NA NA NA NA
1681203600.0 10824.5 NA 219 114 0 NA NA NA NA NA NA 385 315 0 NA NA NA NA NA NA 1489 516 208 NA NA NA NA NA NA 887 1203 292 NA NA NA NA NA
1681203600.0 10824.501 NA 221 99 0 NA NA NA NA NA NA 386 316 0 NA NA NA NA NA NA 1478 529 226 NA NA NA NA NA NA 977 991 314 NA NA NA NA NA
1681203600.0 10824.505 NA 215 98 0 NA NA NA NA NA NA 386 322 0 NA NA NA NA NA NA 1483 530 236 NA NA NA NA NA NA 881 1104 367 NA NA NA NA NA
1681203600.0 10824.511 NA 220 69 0 NA NA NA NA NA NA 383 227 0 NA NA NA NA NA NA 1498 375 175 NA NA NA NA NA NA 1138 549 258 NA NA NA NA NA
1681203600.0 10824.521 NA 217 63 0 NA NA NA NA NA NA 382 204 0 NA NA NA NA NA NA 1503 344 180 NA NA NA NA NA NA 1091 560 260 NA NA NA NA NA
1681203600.0 10824.6 NA 221 460 0 116 101 NA NA NA NA 394 846 0 314 258 NA NA NA NA 1564 1875 505 409 517 NA NA NA NA 1398 3309 1100 1027 975 NA NA NA
1681203600.0 10824.8 NA 219 461 0 89 97 NA NA NA NA 399 912 0 238 259 NA NA NA NA 1548 1906 496 396 520 NA NA NA NA 1389 3142 857 996 945 NA NA NA
1681203600.0 10825.0 NA 215 451 0 88 98 NA NA NA NA 386 857 0 231 257 NA NA NA NA 1524 1753 490 388 499 NA NA NA NA 1585 2728 842 883 671 NA NA NA
1681203600.0 10826.0 NA 220 466 0 91 97 NA NA NA NA 395 826 0 241 257 NA NA NA NA 1543 2043 495 392 518 NA NA NA NA 1278 3569 839 994 909 NA NA NA
1681203600.0 10842.0 NA 214 451 0 134 98 NA NA NA NA 384 833 0 313 251 NA NA NA NA 1539 1769 495 408 501 NA NA NA NA 939 3379 790 903 697 NA NA NA
1681203600.0 10842.501 NA 211 95 0 NA NA NA NA NA NA 395 315 0 NA NA NA NA NA NA 1478 507 219 NA NA NA NA NA NA 1090 994 302 NA NA NA NA NA
1681203600.0 10842.505 NA 215 95 0 NA NA NA NA NA NA 396 321 0 NA NA NA NA NA NA 1474 496 222 NA NA NA NA NA NA 1163 935 306 NA NA NA NA NA
1681203600.0 10859.0 NA 228 459 0 91 99 NA NA NA NA 404 844 0 240 254 NA NA NA NA 1590 2610 502 397 512 NA NA NA NA 1563 3934 842 995 737 NA NA NA
1681203600.0 10871.0 NA 209 462 0 91 92 NA NA NA NA 387 862 0 237 258 NA NA NA NA 1548 1926 498 395 523 NA NA NA NA 1600 3444 757 994 1035 NA NA NA
1681203600.0 109.0 90 121 275 NA NA NA NA NA NA 290 270 494 NA NA NA NA NA NA 2361 399 1687 NA NA NA NA NA NA 2233 699 2845 NA NA NA NA NA NA
1681203600.0 11.0 NA 120 323 0 66 NA NA NA NA NA 281 538 0 205 NA NA NA NA NA 1276 1776 493 326 NA NA NA NA NA 1410 2108 776 1271 NA NA NA NA
1681203600.0 110.0 69 113 264 NA NA NA NA NA NA 233 259 509 NA NA NA NA NA NA 662 364 1527 NA NA NA NA NA NA 1148 1046 2574 NA NA NA NA NA NA
1681203600.0 1102.0 NA 146 313 148 88 NA NA NA NA NA 309 551 385 267 NA NA NA NA NA 1653 3871 2026 402 NA NA NA NA NA 1472 3714 1315 594 NA NA NA NA
1681203600.0 11024.0 NA 430 745 0 97 NA NA NA NA NA 749 1231 0 258 NA NA NA NA NA 3852 4017 499 486 NA NA NA NA NA 2404 4011 885 769 NA NA NA NA
1681203600.0 11024.15 NA 466 754 0 125 NA NA NA NA NA 737 1177 0 294 NA NA NA NA NA 3952 4028 498 616 NA NA NA NA NA 3025 4424 1013 1113 NA NA NA NA
1681203600.0 11024.2 NA 464 780 0 90 NA NA NA NA NA 750 1333 0 249 NA NA NA NA NA 4138 4332 520 414 NA NA NA NA NA 3941 4375 938 689 NA NA NA NA
1681203600.0 11024.6 NA 479 762 0 96 NA NA NA NA NA 740 1306 0 265 NA NA NA NA NA 3856 4118 484 495 NA NA NA NA NA 2538 4179 668 752 NA NA NA NA
1681203600.0 11025.0 NA 478 745 0 97 NA NA NA NA NA 777 1168 0 264 NA NA NA NA NA 3987 3853 523 515 NA NA NA NA NA 2514 3805 884 855 NA NA NA NA
1681203600.0 111.0 87 119 270 NA NA NA NA NA NA 286 272 503 NA NA NA NA NA NA 1138 314 1473 NA NA NA NA NA NA 1623 1332 2338 NA NA NA NA NA NA
1681203600.0 112.0 84 118 267 NA NA NA NA NA NA 286 264 496 NA NA NA NA NA NA 1499 377 1547 NA NA NA NA NA NA 1787 1074 2387 NA NA NA NA NA NA
1681203600.0 11224.0 NA 180 432 0 NA NA NA NA NA NA 348 756 0 NA NA NA NA NA NA 466 1864 503 NA NA NA NA NA NA 1602 3119 839 NA NA NA NA NA
1681203600.0 11224.6 NA 183 430 0 NA NA NA NA NA NA 351 746 0 NA NA NA NA NA NA 455 1874 498 NA NA NA NA NA NA 632 3047 683 NA NA NA NA NA
1681203600.0 113.0 93 121 268 NA NA NA NA NA NA 298 264 506 NA NA NA NA NA NA 1577 386 1572 NA NA NA NA NA NA 1452 996 2659 NA NA NA NA NA NA
1681203600.0 114.0 93 121 273 NA NA NA NA NA NA 303 268 513 NA NA NA NA NA NA 1719 393 1570 NA NA NA NA NA NA 1185 777 2286 NA NA NA NA NA NA
1681203600.0 115.0 91 122 273 NA NA NA NA NA NA 302 263 526 NA NA NA NA NA NA 1968 401 1610 NA NA NA NA NA NA 1197 855 2317 NA NA NA NA NA NA
1681203600.0 116.0 93 120 274 NA NA NA NA NA NA 290 270 520 NA NA NA NA NA NA 1913 414 1616 NA NA NA NA NA NA 1820 2128 2589 NA NA NA NA NA NA
1681203600.0 11601.0 NA 282 587 0 106 NA NA NA NA NA 510 963 0 247 NA NA NA NA NA 986 2528 617 394 NA NA NA NA NA 1511 3266 1002 450 NA NA NA NA
1681203600.0 11602.0 NA 282 590 0 119 NA NA NA NA NA 526 986 0 243 NA NA NA NA NA 987 2543 614 401 NA NA NA NA NA 1749 3304 980 494 NA NA NA NA
1681203600.0 11603.0 NA 290 593 0 116 NA NA NA NA NA 536 973 0 244 NA NA NA NA NA 997 2604 609 418 NA NA NA NA NA 1563 3984 857 883 NA NA NA NA
1681203600.0 11604.0 NA 282 587 0 122 NA NA NA NA NA 511 993 0 252 NA NA NA NA NA 953 2547 615 423 NA NA NA NA NA 1541 4314 942 865 NA NA NA NA
1681203600.0 11605.0 NA 283 590 0 105 NA NA NA NA NA 528 997 0 249 NA NA NA NA NA 972 2520 609 403 NA NA NA NA NA 1400 3305 926 518 NA NA NA NA
1681203600.0 11606.0 NA 276 586 0 125 NA NA NA NA NA 516 975 0 249 NA NA NA NA NA 963 2518 606 414 NA NA NA NA NA 1477 3691 924 643 NA NA NA NA
1681203600.0 11607.0 NA 284 588 0 122 NA NA NA NA NA 547 983 0 281 NA NA NA NA NA 1028 2522 616 412 NA NA NA NA NA 1490 3059 972 527 NA NA NA NA
1681203600.0 11608.0 NA 284 592 0 128 NA NA NA NA NA 539 971 0 275 NA NA NA NA NA 998 2539 631 431 NA NA NA NA NA 1502 3124 972 967 NA NA NA NA
1681203600.0 11609.0 NA 286 597 0 120 NA NA NA NA NA 555 1004 0 283 NA NA NA NA NA 1048 2663 620 412 NA NA NA NA NA 1605 3972 916 505 NA NA NA NA
1681203600.0 11630.0 NA 321 616 0 111 NA NA NA NA NA 566 1027 0 248 NA NA NA NA NA 1240 3419 650 432 NA NA NA NA NA 1779 4360 953 907 NA NA NA NA
1681203600.0 11634.0 NA 319 611 0 132 NA NA NA NA NA 578 982 0 282 NA NA NA NA NA 1116 2871 654 425 NA NA NA NA NA 1553 3834 994 544 NA NA NA NA
1681203600.0 11634.1 NA 318 242 0 NA NA NA NA NA NA 554 427 0 NA NA NA NA NA NA 1053 820 406 NA NA NA NA NA NA 1590 1014 510 NA NA NA NA NA
1681203600.0 11634.15 NA 310 632 0 129 NA NA NA NA NA 555 1048 0 283 NA NA NA NA NA 1111 2914 658 432 NA NA NA NA NA 1509 4218 1159 811 NA NA NA NA
1681203600.0 11634.24 NA 220 528 0 106 NA NA NA NA NA 441 961 0 235 NA NA NA NA NA 768 2400 622 390 NA NA NA NA NA 1208 3267 1017 583 NA NA NA NA
1681203600.0 11634.5 NA 332 125 0 NA NA NA NA NA NA 565 341 0 NA NA NA NA NA NA 1034 615 206 NA NA NA NA NA NA 1295 893 290 NA NA NA NA NA
1681203600.0 11634.501 NA 320 123 0 NA NA NA NA NA NA 555 339 0 NA NA NA NA NA NA 1042 639 233 NA NA NA NA NA NA 1393 1090 337 NA NA NA NA NA
1681203600.0 11634.505 NA 312 125 0 NA NA NA NA NA NA 553 344 0 NA NA NA NA NA NA 1053 634 236 NA NA NA NA NA NA 1551 1109 324 NA NA NA NA NA
1681203600.0 11634.511 NA 316 100 0 NA NA NA NA NA NA 550 262 0 NA NA NA NA NA NA 1040 519 177 NA NA NA NA NA NA 1409 1063 274 NA NA NA NA NA
1681203600.0 11634.521 NA 345 97 0 NA NA NA NA NA NA 572 242 0 NA NA NA NA NA NA 1039 486 182 NA NA NA NA NA NA 1282 734 270 NA NA NA NA NA
1681203600.0 11634.601 NA 196 199 612 0 NA NA NA NA NA 366 426 1000 0 NA NA NA NA NA 486 803 2874 631 NA NA NA NA NA 656 1032 3737 708 NA NA NA NA
1681203600.0 11634.7 NA 316 617 0 NA NA NA NA NA NA 549 1000 0 NA NA NA NA NA NA 1098 2858 651 NA NA NA NA NA NA 1383 3546 835 NA NA NA NA NA
1681203600.0 11634.91 NA 320 611 0 149 NA NA NA NA NA 564 1035 0 283 NA NA NA NA NA 1112 2836 655 426 NA NA NA NA NA 1504 3466 1025 637 NA NA NA NA
1681203600.0 11634.911 96 313 611 0 119 NA NA NA NA 259 556 1003 0 290 NA NA NA NA 3036 1917 3390 1107 932 NA NA NA NA 2757 2492 4223 1801 948 NA NA NA NA
1681203600.0 11634.914 90 318 605 0 119 NA NA NA NA 242 552 1032 0 284 NA NA NA NA 2464 1048 2702 635 446 NA NA NA NA 1725 1847 4027 1020 956 NA NA NA NA
1681203600.0 11640.0 NA 279 591 0 114 NA NA NA NA NA 511 1018 0 245 NA NA NA NA NA 986 2538 631 407 NA NA NA NA NA 1533 3871 1017 528 NA NA NA NA
1681203600.0 11643.0 NA 316 608 0 106 NA NA NA NA NA 556 1035 0 254 NA NA NA NA NA 1073 2806 656 415 NA NA NA NA NA 1381 3068 1002 643 NA NA NA NA
1681203600.0 11646.0 NA 292 599 0 117 NA NA NA NA NA 532 987 0 250 NA NA NA NA NA 1011 2613 635 421 NA NA NA NA NA 1346 3114 860 970 NA NA NA NA
1681203600.0 11650.0 NA 299 600 0 132 NA NA NA NA NA 540 1006 0 294 NA NA NA NA NA 1047 2623 648 426 NA NA NA NA NA 1623 2831 979 627 NA NA NA NA
1681203600.0 11650.501 NA 304 124 0 NA NA NA NA NA NA 550 345 0 NA NA NA NA NA NA 983 582 222 NA NA NA NA NA NA 1389 891 310 NA NA NA NA NA
1681203600.0 11650.505 NA 295 148 0 NA NA NA NA NA NA 551 336 0 NA NA NA NA NA NA 1030 586 227 NA NA NA NA NA NA 2719 949 321 NA NA NA NA NA
1681203600.0 11650.911 110 293 603 0 123 NA NA NA NA 250 545 975 0 288 NA NA NA NA 1808 1810 3162 1075 920 NA NA NA NA 1687 2160 3864 1308 871 NA NA NA NA
1681203600.0 11650.914 81 291 598 0 117 NA NA NA NA 230 539 999 0 285 NA NA NA NA 1258 993 2535 629 428 NA NA NA NA 1486 1915 3984 864 864 NA NA NA NA
1681203600.0 117.0 82 121 274 NA NA NA NA NA NA 297 267 501 NA NA NA NA NA NA 2082 392 1647 NA NA NA NA NA NA 1481 1220 2493 NA NA NA NA NA NA
1681203600.0 11723.17 NA 328 624 0 NA NA NA NA NA NA 575 1048 0 NA NA NA NA NA NA 1189 3166 643 NA NA NA NA NA NA 1158 3543 730 NA NA NA NA NA
1681203600.0 118.0 93 126 285 NA NA NA NA NA NA 294 272 513 NA NA NA NA NA NA 2515 391 1566 NA NA NA NA NA NA 2209 522 1448 NA NA NA NA NA NA
1681203600.0 11834.0 NA 647 1042 0 NA NA NA NA NA NA 986 1499 0 NA NA NA NA NA NA 4128 6366 647 NA NA NA NA NA NA 3256 6016 962 NA NA NA NA NA
1681203600.0 11834.13 NA 637 1138 0 NA NA NA NA NA NA 1064 1759 0 NA NA NA NA NA NA 4556 8484 645 NA NA NA NA NA NA 3044 6153 905 NA NA NA NA NA
1681203600.0 11834.19 NA 653 1035 0 NA NA NA NA NA NA 1048 1556 0 NA NA NA NA NA NA 4347 6613 642 NA NA NA NA NA NA 3462 5589 888 NA NA NA NA NA
1681203600.0 11834.21 NA 551 271 145 109 NA NA NA NA NA 862 560 324 244 NA NA NA NA NA 4462 3025 778 370 NA NA NA NA NA 3419 1487 1152 396 NA NA NA NA
1681203600.0 11834.24 NA 235 565 0 NA NA NA NA NA NA 443 950 0 NA NA NA NA NA NA 809 2450 615 NA NA NA NA NA NA 1253 3689 752 NA NA NA NA NA
1681203600.0 11834.99 NA 509 686 803 0 NA NA NA NA NA 878 1139 1220 0 NA NA NA NA NA 4292 1962 5808 643 NA NA NA NA NA 3337 1937 5293 930 NA NA NA NA
1681203600.0 11846.0 NA 595 1005 0 NA NA NA NA NA NA 969 1555 0 NA NA NA NA NA NA 4237 5817 635 NA NA NA NA NA NA 3242 5194 929 NA NA NA NA NA
1681203600.0 11846.19 NA 650 1078 0 NA NA NA NA NA NA 1083 1581 0 NA NA NA NA NA NA 4583 6776 635 NA NA NA NA NA NA 3894 5186 818 NA NA NA NA NA
1681203600.0 119.0 86 116 269 NA NA NA NA NA NA 284 260 495 NA NA NA NA NA NA 1247 375 1551 NA NA NA NA NA NA 1017 1166 2414 NA NA NA NA NA NA
1681203600.0 12.0 NA 135 302 0 NA NA NA NA NA NA 307 538 0 NA NA NA NA NA NA 1457 3123 463 NA NA NA NA NA NA 1443 3694 581 NA NA NA NA NA
1681203600.0 120.0 67 114 258 NA NA NA NA NA NA 235 254 498 NA NA NA NA NA NA 581 344 1455 NA NA NA NA NA NA 1329 1525 2264 NA NA NA NA NA NA
1681203600.0 12034.0 NA 307 616 0 NA NA NA NA NA NA 560 1021 0 NA NA NA NA NA NA 1048 2787 645 NA NA NA NA NA NA 1117 4101 810 NA NA NA NA NA
1681203600.0 121.0 96 126 282 NA NA NA NA NA NA 298 276 519 NA NA NA NA NA NA 2692 417 1653 NA NA NA NA NA NA 1394 900 1827 NA NA NA NA NA NA
1681203600.0 122.0 62 0 0 NA NA NA NA NA NA 222 0 0 NA NA NA NA NA NA 600 142 1271 NA NA NA NA NA NA 1336 501 2124 NA NA NA NA NA NA
1681203600.0 123.1 319 NA NA NA NA NA NA NA NA 605 NA NA NA NA NA NA NA NA 935 NA NA NA NA NA NA NA NA 1447 NA NA NA NA NA NA NA NA
1681203600.0 123.2 323 NA NA NA NA NA NA NA NA 581 NA NA NA NA NA NA NA NA 1033 NA NA NA NA NA NA NA NA 1410 NA NA NA NA NA NA NA NA
1681203600.0 123.3 273 NA NA NA NA NA NA NA NA 490 NA NA NA NA NA NA NA NA 819 NA NA NA NA NA NA NA NA 1302 NA NA NA NA NA NA NA NA
1681203600.0 124.1 312 NA NA NA NA NA NA NA NA 554 NA NA NA NA NA NA NA NA 826 NA NA NA NA NA NA NA NA 1648 NA NA NA NA NA NA NA NA
1681203600.0 124.2 322 NA NA NA NA NA NA NA NA 568 NA NA NA NA NA NA NA NA 889 NA NA NA NA NA NA NA NA 1338 NA NA NA NA NA NA NA NA
1681203600.0 124.4 313 NA NA NA NA NA NA NA NA 565 NA NA NA NA NA NA NA NA 831 NA NA NA NA NA NA NA NA 1404 NA NA NA NA NA NA NA NA
1681203600.0 124.5 314 NA NA NA NA NA NA NA NA 554 NA NA NA NA NA NA NA NA 833 NA NA NA NA NA NA NA NA 1102 NA NA NA NA NA NA NA NA
1681203600.0 124.6 278 NA NA NA NA NA NA NA NA 488 NA NA NA NA NA NA NA NA 819 NA NA NA NA NA NA NA NA 1417 NA NA NA NA NA NA NA NA
1681203600.0 12434.0 NA 325 614 0 146 NA NA NA NA NA 575 1011 0 292 NA NA NA NA NA 1186 2915 652 436 NA NA NA NA NA 1321 3136 997 1007 NA NA NA NA
1681203600.0 125.0 86 120 274 NA NA NA NA NA NA 293 263 496 NA NA NA NA NA NA 1783 384 1581 NA NA NA NA NA NA 1376 475 2549 NA NA NA NA NA NA
1681203600.0 126.0 67 115 262 NA NA NA NA NA NA 248 259 501 NA NA NA NA NA NA 1090 357 1525 NA NA NA NA NA NA 982 651 2224 NA NA NA NA NA NA
1681203600.0 12634.0 NA 482 847 0 NA NA NA NA NA NA 795 1284 0 NA NA NA NA NA NA 2968 4488 658 NA NA NA NA NA NA 2836 4295 1017 NA NA NA NA NA
1681203600.0 12634.99 NA 365 533 692 0 NA NA NA NA NA 610 903 1115 0 NA NA NA NA NA 2753 1564 3771 637 NA NA NA NA NA 2403 1681 4492 856 NA NA NA NA
1681203600.0 127.0 67 110 261 NA NA NA NA NA NA 225 260 495 NA NA NA NA NA NA 790 351 1460 NA NA NA NA NA NA 1180 2178 2435 NA NA NA NA NA NA
1681203600.0 128.0 66 115 264 NA NA NA NA NA NA 223 261 507 NA NA NA NA NA NA 586 357 1518 NA NA NA NA NA NA 989 670 2906 NA NA NA NA NA NA
1681203600.0 12834.0 NA 323 618 0 121 NA NA NA NA NA 574 1046 0 281 NA NA NA NA NA 1211 2937 645 436 NA NA NA NA NA 1342 3192 870 873 NA NA NA NA
1681203600.0 129.0 68 116 259 NA NA NA NA NA NA 223 257 502 NA NA NA NA NA NA 598 359 1508 NA NA NA NA NA NA 1582 672 2480 NA NA NA NA NA NA
1681203600.0 13.0 NA 123 278 0 NA NA NA NA NA NA 271 508 0 NA NA NA NA NA NA 342 2035 425 NA NA NA NA NA NA 733 2861 650 NA NA NA NA NA
1681203600.0 130.0 67 114 263 NA NA NA NA NA NA 234 261 484 NA NA NA NA NA NA 619 359 1495 NA NA NA NA NA NA 842 1052 2439 NA NA NA NA NA NA
1681203600.0 1301.0 86 149 197 NA NA NA NA NA NA 258 302 439 NA NA NA NA NA NA 1266 363 967 NA NA NA NA NA NA 1337 1471 1857 NA NA NA NA NA NA
1681203600.0 1301.17 75 217 237 NA NA NA NA NA NA 229 364 593 NA NA NA NA NA NA 1334 1475 1049 NA NA NA NA NA NA 1243 1112 1510 NA NA NA NA NA NA
1681203600.0 1302.0 96 158 210 NA NA NA NA NA NA 279 308 468 NA NA NA NA NA NA 2461 441 1134 NA NA NA NA NA NA 2138 1681 1563 NA NA NA NA NA NA
1681203600.0 1302.17 79 228 251 NA NA NA NA NA NA 245 379 583 NA NA NA NA NA NA 2710 1536 1217 NA NA NA NA NA NA 2599 996 1551 NA NA NA NA NA NA
1681203600.0 1302.18 79 222 206 147 101 NA NA NA NA 241 384 529 304 247 NA NA NA NA 2523 1449 764 622 351 NA NA NA NA 1694 603 1021 580 356 NA NA NA NA
1681203600.0 1302.181 79 221 209 140 102 NA NA NA NA 243 379 495 309 255 NA NA NA NA 2811 1455 794 624 347 NA NA NA NA 1691 629 1060 569 353 NA NA NA NA
1681203600.0 1303.0 90 159 212 NA NA NA NA NA NA 271 306 457 NA NA NA NA NA NA 4050 356 1397 NA NA NA NA NA NA 2589 1012 1818 NA NA NA NA NA NA
1681203600.0 1303.17 86 226 255 NA NA NA NA NA NA 251 385 604 NA NA NA NA NA NA 4098 1428 1327 NA NA NA NA NA NA 2569 1088 1061 NA NA NA NA NA NA
1681203600.0 13034.0 NA 502 848 0 NA NA NA NA NA NA 781 1290 0 NA NA NA NA NA NA 2984 4613 662 NA NA NA NA NA NA 2559 4452 1027 NA NA NA NA NA
1681203600.0 13034.99 NA 352 548 719 0 NA NA NA NA NA 609 930 1151 0 NA NA NA NA NA 2659 1588 4038 637 NA NA NA NA NA 2810 1837 4358 849 NA NA NA NA
1681203600.0 1304.18 74 211 200 123 87 NA NA NA NA 237 374 519 302 249 NA NA NA NA 1942 1468 686 645 365 NA NA NA NA 1346 943 1007 1065 488 NA NA NA NA
1681203600.0 1304.181 75 211 204 143 110 NA NA NA NA 241 383 530 307 249 NA NA NA NA 2010 1417 697 597 315 NA NA NA NA 1667 630 802 574 330 NA NA NA NA
1681203600.0 1304.182 74 214 197 128 NA NA NA NA NA 235 380 517 307 NA NA NA NA NA 1968 1473 701 640 NA NA NA NA NA 1786 922 959 795 NA NA NA NA NA
1681203600.0 1306.0 NA 147 315 0 NA NA NA NA NA NA 317 546 0 NA NA NA NA NA NA 371 1434 362 NA NA NA NA NA NA 1276 2015 437 NA NA NA NA NA
1681203600.0 1307.0 NA 138 175 42 0 NA NA NA NA NA 308 393 176 0 NA NA NA NA NA 340 598 183 229 NA NA NA NA NA 1065 1215 330 312 NA NA NA NA
1681203600.0 1308.0 NA 134 166 47 0 NA NA NA NA NA 296 379 171 0 NA NA NA NA NA 339 504 188 228 NA NA NA NA NA 1441 908 297 315 NA NA NA NA
1681203600.0 1309.0 NA 157 327 0 NA NA NA NA NA NA 327 569 0 NA NA NA NA NA NA 404 1622 383 NA NA NA NA NA NA 1140 3999 547 NA NA NA NA NA
1681203600.0 131.0 65 114 263 NA NA NA NA NA NA 238 259 499 NA NA NA NA NA NA 907 361 1525 NA NA NA NA NA NA 1119 674 2623 NA NA NA NA NA NA
1681203600.0 1310.0 NA 155 324 0 NA NA NA NA NA NA 322 574 0 NA NA NA NA NA NA 423 1709 403 NA NA NA NA NA NA 1498 3443 569 NA NA NA NA NA
1681203600.0 1311.0 NA 149 402 0 70 NA NA NA NA NA 316 726 0 198 NA NA NA NA NA 401 1333 447 325 NA NA NA NA NA 1585 2744 889 1000 NA NA NA NA
1681203600.0 1312.0 NA 154 321 0 NA NA NA NA NA NA 320 566 0 NA NA NA NA NA NA 421 1710 426 NA NA NA NA NA NA 821 2713 821 NA NA NA NA NA
1681203600.0 1313.0 NA 159 330 0 NA NA NA NA NA NA 317 571 0 NA NA NA NA NA NA 368 1790 392 NA NA NA NA NA NA 871 2694 660 NA NA NA NA NA
1681203600.0 1314.0 NA 156 321 0 NA NA NA NA NA NA 319 562 0 NA NA NA NA NA NA 427 1705 406 NA NA NA NA NA NA 1252 2925 684 NA NA NA NA NA
1681203600.0 1315.0 NA 148 308 0 NA NA NA NA NA NA 319 558 0 NA NA NA NA NA NA 361 1451 367 NA NA NA NA NA NA 1091 2401 483 NA NA NA NA NA
1681203600.0 1316.0 NA 149 310 0 NA NA NA NA NA NA 318 549 0 NA NA NA NA NA NA 386 1575 393 NA NA NA NA NA NA 746 2339 618 NA NA NA NA NA
1681203600.0 1317.0 NA 149 311 0 87 NA NA NA NA NA 315 553 0 240 NA NA NA NA NA 387 1587 392 375 NA NA NA NA NA 639 3337 600 494 NA NA NA NA
1681203600.0 1318.0 NA 149 308 0 82 NA NA NA NA NA 316 566 0 241 NA NA NA NA NA 389 1545 387 376 NA NA NA NA NA 1282 2593 824 560 NA NA NA NA
1681203600.0 1319.0 NA 148 313 0 NA NA NA NA NA NA 309 566 0 NA NA NA NA NA NA 376 1487 369 NA NA NA NA NA NA 827 2473 560 NA NA NA NA NA
1681203600.0 132.0 85 122 276 NA NA NA NA NA NA 290 271 520 NA NA NA NA NA NA 2093 395 1640 NA NA NA NA NA NA 1858 661 2237 NA NA NA NA NA NA
1681203600.0 1320.0 NA 150 309 0 90 NA NA NA NA NA 309 553 0 240 NA NA NA NA NA 390 1565 388 379 NA NA NA NA NA 612 2559 557 765 NA NA NA NA
1681203600.0 1321.0 NA 150 314 0 92 NA NA NA NA NA 315 563 0 246 NA NA NA NA NA 397 1630 391 354 NA NA NA NA NA 645 2471 598 419 NA NA NA NA
1681203600.0 1322.0 NA 151 314 0 88 NA NA NA NA NA 312 566 0 247 NA NA NA NA NA 410 1651 390 368 NA NA NA NA NA 856 3385 560 429 NA NA NA NA
1681203600.0 1323.0 NA 148 303 0 NA NA NA NA NA NA 305 547 0 NA NA NA NA NA NA 366 1441 366 NA NA NA NA NA NA 1655 2765 619 NA NA NA NA NA
1681203600.0 13234.0 54 812 0 NA NA NA NA NA NA 159 1294 0 NA NA NA NA NA NA 215 1748 294 NA NA NA NA NA NA 2578 3274 406 NA NA NA NA NA NA
1681203600.0 1324.0 NA 156 325 0 NA NA NA NA NA NA 323 579 0 NA NA NA NA NA NA 416 1733 412 NA NA NA NA NA NA 662 3024 636 NA NA NA NA NA
1681203600.0 13240.303 519 NA NA NA NA NA NA NA NA 823 NA NA NA NA NA NA NA NA 2748 NA NA NA NA NA NA NA NA 1706 NA NA NA NA NA NA NA NA
1681203600.0 1325.0 NA 158 327 0 83 89 NA NA NA NA 334 576 0 210 252 NA NA NA NA 444 1707 425 342 376 NA NA NA NA 1053 1973 722 884 423 NA NA NA
1681203600.0 1325.1 NA 159 181 0 NA NA NA NA NA NA 325 390 0 NA NA NA NA NA NA 410 646 335 NA NA NA NA NA NA 949 904 421 NA NA NA NA NA
1681203600.0 1325.2 NA 159 325 0 NA NA NA NA NA NA 330 566 0 NA NA NA NA NA NA 398 1626 383 NA NA NA NA NA NA 1113 3823 458 NA NA NA NA NA
1681203600.0 1325.3 NA 159 176 0 NA NA NA NA NA NA 328 385 0 NA NA NA NA NA NA 422 646 322 NA NA NA NA NA NA 3776 1189 414 NA NA NA NA NA
1681203600.0 1325.4 NA 152 325 0 NA NA NA NA NA NA 323 574 0 NA NA NA NA NA NA 443 1750 421 NA NA NA NA NA NA 1159 3131 909 NA NA NA NA NA
1681203600.0 1325.5 NA 166 0 NA NA NA NA NA NA NA 356 0 NA NA NA NA NA NA NA 1601 174 NA NA NA NA NA NA NA 2201 259 NA NA NA NA NA NA
1681203600.0 1325.51 NA 159 0 NA NA NA NA NA NA NA 330 0 NA NA NA NA NA NA NA 1504 171 NA NA NA NA NA NA NA 2248 238 NA NA NA NA NA NA
1681203600.0 1325.516 NA 168 0 NA NA NA NA NA NA NA 342 0 NA NA NA NA NA NA NA 1669 172 NA NA NA NA NA NA NA 2361 263 NA NA NA NA NA NA
1681203600.0 1325.5161 NA 167 0 NA NA NA NA NA NA NA 357 0 NA NA NA NA NA NA NA 1705 176 NA NA NA NA NA NA NA 2333 262 NA NA NA NA NA NA
1681203600.0 1325.517 NA 163 0 NA NA NA NA NA NA NA 342 0 NA NA NA NA NA NA NA 1711 172 NA NA NA NA NA NA NA 2227 265 NA NA NA NA NA NA
1681203600.0 1325.518 NA 179 0 NA NA NA NA NA NA NA 370 0 NA NA NA NA NA NA NA 2140 172 NA NA NA NA NA NA NA 2538 261 NA NA NA NA NA NA
1681203600.0 1325.9 NA 188 325 0 68 NA NA NA NA NA 359 584 0 200 NA NA NA NA NA 518 1740 422 341 NA NA NA NA NA 1490 3247 798 1005 NA NA NA NA
1681203600.0 1325.91 NA 196 328 0 69 NA NA NA NA NA 368 581 0 207 NA NA NA NA NA 501 1775 417 338 NA NA NA NA NA 1436 3427 757 791 NA NA NA NA
1681203600.0 1326.0 NA 154 320 0 NA NA NA NA NA NA 320 562 0 NA NA NA NA NA NA 403 1632 391 NA NA NA NA NA NA 902 3836 535 NA NA NA NA NA
1681203600.0 1327.0 NA 154 320 0 NA NA NA NA NA NA 316 568 0 NA NA NA NA NA NA 384 1541 392 NA NA NA NA NA NA 1304 2393 638 NA NA NA NA NA
1681203600.0 1328.0 NA 157 324 0 NA NA NA NA NA NA 324 584 0 NA NA NA NA NA NA 410 1606 388 NA NA NA NA NA NA 1057 3207 527 NA NA NA NA NA
1681203600.0 1329.0 NA 155 316 0 90 NA NA NA NA NA 315 577 0 242 NA NA NA NA NA 420 1657 402 385 NA NA NA NA NA 1712 2841 568 544 NA NA NA NA
1681203600.0 133.0 90 121 280 NA NA NA NA NA NA 292 275 502 NA NA NA NA NA NA 2699 409 1777 NA NA NA NA NA NA 1881 894 2654 NA NA NA NA NA NA
1681203600.0 1330.0 NA 159 351 0 88 NA NA NA NA NA 328 602 0 242 NA NA NA NA NA 435 1716 419 377 NA NA NA NA NA 1034 4332 719 662 NA NA NA NA
1681203600.0 1331.0 NA 154 323 0 86 NA NA NA NA NA 315 547 0 249 NA NA NA NA NA 411 1639 405 379 NA NA NA NA NA 907 2956 849 629 NA NA NA NA
1681203600.0 1332.0 NA 156 324 0 NA NA NA NA NA NA 323 562 0 NA NA NA NA NA NA 407 1560 383 NA NA NA NA NA NA 1115 2210 543 NA NA NA NA NA
1681203600.0 1333.0 NA 153 314 0 NA NA NA NA NA NA 316 572 0 NA NA NA NA NA NA 408 1589 406 NA NA NA NA NA NA 909 2779 816 NA NA NA NA NA
1681203600.0 1334.0 NA 158 326 0 NA NA NA NA NA NA 321 573 0 NA NA NA NA NA NA 399 1557 389 NA NA NA NA NA NA 1078 2118 511 NA NA NA NA NA
1681203600.0 1335.0 NA 155 326 0 NA NA NA NA NA NA 319 571 0 NA NA NA NA NA NA 383 1532 381 NA NA NA NA NA NA 813 3792 576 NA NA NA NA NA
1681203600.0 1336.0 NA 160 331 0 NA NA NA NA NA NA 323 575 0 NA NA NA NA NA NA 449 2385 416 NA NA NA NA NA NA 1234 2724 677 NA NA NA NA NA
1681203600.0 1337.0 NA 169 336 0 NA NA NA NA NA NA 343 594 0 NA NA NA NA NA NA 470 2141 425 NA NA NA NA NA NA 1348 3613 701 NA NA NA NA NA
1681203600.0 1338.0 NA 158 323 0 92 NA NA NA NA NA 320 577 0 244 NA NA NA NA NA 416 1729 414 399 NA NA NA NA NA 638 2710 592 757 NA NA NA NA
1681203600.0 1339.0 NA 158 327 0 NA NA NA NA NA NA 332 570 0 NA NA NA NA NA NA 417 1853 393 NA NA NA NA NA NA 968 2237 611 NA NA NA NA NA
1681203600.0 134.0 NA 282 44 0 NA NA NA NA NA NA 511 155 0 NA NA NA NA NA NA 2780 150 88 NA NA NA NA NA NA 3908 331 400 NA NA NA NA NA
1681203600.0 134.701 NA 44 317 0 NA NA NA NA NA NA 184 562 0 NA NA NA NA NA NA 188 3917 383 NA NA NA NA NA NA 628 4230 647 NA NA NA NA NA
1681203600.0 134.702 NA 57 311 0 NA NA NA NA NA NA 187 588 0 NA NA NA NA NA NA 177 4822 331 NA NA NA NA NA NA 359 2940 437 NA NA NA NA NA
1681203600.0 134.703 NA 51 322 0 NA NA NA NA NA NA 191 590 0 NA NA NA NA NA NA 180 4856 347 NA NA NA NA NA NA 403 3067 454 NA NA NA NA NA
1681203600.0 134.704 NA 51 315 0 NA NA NA NA NA NA 184 577 0 NA NA NA NA NA NA 178 4597 331 NA NA NA NA NA NA 534 3242 421 NA NA NA NA NA
1681203600.0 134.705 NA 49 324 0 NA NA NA NA NA NA 187 570 0 NA NA NA NA NA NA 179 4921 354 NA NA NA NA NA NA 432 2943 425 NA NA NA NA NA
1681203600.0 134.706 NA 50 321 0 NA NA NA NA NA NA 183 573 0 NA NA NA NA NA NA 198 5295 402 NA NA NA NA NA NA 502 3341 640 NA NA NA NA NA
1681203600.0 134.707 NA 48 313 0 NA NA NA NA NA NA 181 566 0 NA NA NA NA NA NA 178 4548 322 NA NA NA NA NA NA 332 3188 389 NA NA NA NA NA
1681203600.0 134.708 NA 46 309 0 NA NA NA NA NA NA 185 573 0 NA NA NA NA NA NA 190 4580 371 NA NA NA NA NA NA 398 3635 769 NA NA NA NA NA
1681203600.0 134.709 NA 41 483 0 NA NA NA NA NA NA 188 815 0 NA NA NA NA NA NA 173 4653 345 NA NA NA NA NA NA 400 3216 577 NA NA NA NA NA
1681203600.0 134.71 NA 44 309 0 NA NA NA NA NA NA 181 556 0 NA NA NA NA NA NA 185 3551 367 NA NA NA NA NA NA 439 4155 626 NA NA NA NA NA
1681203600.0 134.801 NA 46 312 0 NA NA NA NA NA NA 181 587 0 NA NA NA NA NA NA 188 3706 351 NA NA NA NA NA NA 491 3751 550 NA NA NA NA NA
1681203600.0 134.802 NA 42 322 0 NA NA NA NA NA NA 185 603 0 NA NA NA NA NA NA 193 5397 321 NA NA NA NA NA NA 359 2459 382 NA NA NA NA NA
1681203600.0 134.803 NA 57 318 0 NA NA NA NA NA NA 186 576 0 NA NA NA NA NA NA 190 4997 332 NA NA NA NA NA NA 328 2677 418 NA NA NA NA NA
1681203600.0 134.804 NA 55 326 0 NA NA NA NA NA NA 183 592 0 NA NA NA NA NA NA 191 5507 309 NA NA NA NA NA NA 394 2800 349 NA NA NA NA NA
1681203600.0 134.805 NA 52 329 0 NA NA NA NA NA NA 186 599 0 NA NA NA NA NA NA 194 5377 341 NA NA NA NA NA NA 606 2827 480 NA NA NA NA NA
1681203600.0 134.806 NA 61 324 0 NA NA NA NA NA NA 182 598 0 NA NA NA NA NA NA 197 5899 346 NA NA NA NA NA NA 668 2847 600 NA NA NA NA NA
1681203600.0 134.807 NA 99 364 0 NA NA NA NA NA NA 309 633 0 NA NA NA NA NA NA 541 5524 409 NA NA NA NA NA NA 1638 2788 450 NA NA NA NA NA
1681203600.0 134.808 NA 108 348 0 NA NA NA NA NA NA 301 663 0 NA NA NA NA NA NA 537 5725 402 NA NA NA NA NA NA 761 2790 756 NA NA NA NA NA
1681203600.0 134.809 NA 49 316 0 NA NA NA NA NA NA 185 576 0 NA NA NA NA NA NA 191 5096 312 NA NA NA NA NA NA 356 2735 363 NA NA NA NA NA
1681203600.0 134.81 NA 46 322 0 NA NA NA NA NA NA 186 600 0 NA NA NA NA NA NA 189 5176 339 NA NA NA NA NA NA 308 2832 620 NA NA NA NA NA
1681203600.0 134.811 NA 44 321 0 NA NA NA NA NA NA 185 586 0 NA NA NA NA NA NA 191 5377 336 NA NA NA NA NA NA 561 2634 467 NA NA NA NA NA
1681203600.0 134.812 NA 45 311 0 NA NA NA NA NA NA 179 568 0 NA NA NA NA NA NA 177 3487 344 NA NA NA NA NA NA 346 2780 610 NA NA NA NA NA
1681203600.0 134.813 NA 165 62 0 NA NA NA NA NA NA 396 210 0 NA NA NA NA NA NA 1486 238 235 NA NA NA NA NA NA 990 368 331 NA NA NA NA NA
1681203600.0 134.901 NA 47 312 0 NA NA NA NA NA NA 182 579 0 NA NA NA NA NA NA 192 3798 350 NA NA NA NA NA NA 729 3558 503 NA NA NA NA NA
1681203600.0 134.902 NA 45 311 0 NA NA NA NA NA NA 186 550 0 NA NA NA NA NA NA 183 4354 342 NA NA NA NA NA NA 514 3556 526 NA NA NA NA NA
1681203600.0 134.903 NA 63 310 0 NA NA NA NA NA NA 182 586 0 NA NA NA NA NA NA 181 4069 340 NA NA NA NA NA NA 523 3261 514 NA NA NA NA NA
1681203600.0 134.904 NA 47 313 0 NA NA NA NA NA NA 187 570 0 NA NA NA NA NA NA 184 4969 340 NA NA NA NA NA NA 401 3500 448 NA NA NA NA NA
1681203600.0 134.905 NA 40 313 0 NA NA NA NA NA NA 185 565 0 NA NA NA NA NA NA 184 4004 337 NA NA NA NA NA NA 325 3358 482 NA NA NA NA NA
1681203600.0 134.906 NA 49 314 0 NA NA NA NA NA NA 185 568 0 NA NA NA NA NA NA 191 4637 341 NA NA NA NA NA NA 412 2741 451 NA NA NA NA NA
1681203600.0 134.907 NA 122 335 0 NA NA NA NA NA NA 306 590 0 NA NA NA NA NA NA 489 4327 334 NA NA NA NA NA NA 1469 2611 373 NA NA NA NA NA
1681203600.0 134.908 NA 110 340 0 NA NA NA NA NA NA 313 616 0 NA NA NA NA NA NA 454 4352 345 NA NA NA NA NA NA 554 2189 412 NA NA NA NA NA
1681203600.0 134.909 NA 45 310 0 NA NA NA NA NA NA 193 584 0 NA NA NA NA NA NA 200 4522 361 NA NA NA NA NA NA 498 3812 607 NA NA NA NA NA
1681203600.0 134.91 NA 51 309 0 NA NA NA NA NA NA 188 577 0 NA NA NA NA NA NA 203 4121 365 NA NA NA NA NA NA 721 3048 676 NA NA NA NA NA
1681203600.0 134.911 NA 45 312 0 NA NA NA NA NA NA 182 584 0 NA NA NA NA NA NA 184 4425 365 NA NA NA NA NA NA 311 3858 669 NA NA NA NA NA
1681203600.0 134.912 NA 58 311 0 NA NA NA NA NA NA 183 573 0 NA NA NA NA NA NA 190 3485 369 NA NA NA NA NA NA 730 3172 827 NA NA NA NA NA
1681203600.0 134.99601 NA 46 319 0 NA NA NA NA NA NA 189 602 0 NA NA NA NA NA NA 203 6099 347 NA NA NA NA NA NA 673 3312 706 NA NA NA NA NA
1681203600.0 134.99602 NA 44 314 0 NA NA NA NA NA NA 185 586 0 NA NA NA NA NA NA 194 3976 355 NA NA NA NA NA NA 458 4051 599 NA NA NA NA NA
1681203600.0 134.99603 NA 57 315 0 NA NA NA NA NA NA 186 583 0 NA NA NA NA NA NA 189 5155 340 NA NA NA NA NA NA 353 3759 435 NA NA NA NA NA
1681203600.0 134.99901 NA 54 305 0 NA NA NA NA NA NA 187 562 0 NA NA NA NA NA NA 197 4164 353 NA NA NA NA NA NA 705 3467 571 NA NA NA NA NA
1681203600.0 1340.0 NA 152 311 0 NA NA NA NA NA NA 321 565 0 NA NA NA NA NA NA 384 1484 383 NA NA NA NA NA NA 719 2606 625 NA NA NA NA NA
1681203600.0 1341.0 NA 163 332 0 NA NA NA NA NA NA 325 584 0 NA NA NA NA NA NA 462 2100 426 NA NA NA NA NA NA 970 3217 694 NA NA NA NA NA
1681203600.0 1343.0 NA 156 331 0 NA NA NA NA NA NA 324 557 0 NA NA NA NA NA NA 398 1651 391 NA NA NA NA NA NA 648 3875 540 NA NA NA NA NA
1681203600.0 13434.0 33 1041 0 NA NA NA NA NA NA 161 1512 0 NA NA NA NA NA NA 196 8740 314 NA NA NA NA NA NA 424 4095 450 NA NA NA NA NA NA
1681203600.0 1344.0 NA 158 322 0 NA NA NA NA NA NA 316 578 0 NA NA NA NA NA NA 411 1705 418 NA NA NA NA NA NA 685 2763 746 NA NA NA NA NA
1681203600.0 1345.0 NA 158 321 0 NA NA NA NA NA NA 318 571 0 NA NA NA NA NA NA 426 1720 415 NA NA NA NA NA NA 1326 2999 733 NA NA NA NA NA
1681203600.0 1347.0 NA 156 321 0 NA NA NA NA NA NA 326 573 0 NA NA NA NA NA NA 405 1543 384 NA NA NA NA NA NA 947 1893 451 NA NA NA NA NA
1681203600.0 1348.0 NA 154 322 0 NA NA NA NA NA NA 323 560 0 NA NA NA NA NA NA 392 1513 381 NA NA NA NA NA NA 842 3916 549 NA NA NA NA NA
1681203600.0 1349.0 NA 155 317 0 NA NA NA NA NA NA 317 556 0 NA NA NA NA NA NA 399 1525 387 NA NA NA NA NA NA 1647 3239 526 NA NA NA NA NA
1681203600.0 135.1 504 0 127 80 NA NA NA NA NA 892 0 290 246 NA NA NA NA NA 1030 266 631 352 NA NA NA NA NA 1719 596 1062 399 NA NA NA NA NA
1681203600.0 135.11 510 0 123 88 NA NA NA NA NA 877 0 276 246 NA NA NA NA NA 1170 272 711 368 NA NA NA NA NA 1991 666 1251 665 NA NA NA NA NA
1681203600.0 135.12 501 0 121 83 NA NA NA NA NA 864 0 288 245 NA NA NA NA NA 966 269 611 343 NA NA NA NA NA 2708 587 1169 417 NA NA NA NA NA
1681203600.0 135.13 507 0 NA NA NA NA NA NA NA 874 0 NA NA NA NA NA NA NA 999 311 NA NA NA NA NA NA NA 1343 405 NA NA NA NA NA NA NA
1681203600.0 135.14 503 0 124 83 NA NA NA NA NA 855 0 287 244 NA NA NA NA NA 1031 260 664 354 NA NA NA NA NA 2783 661 1271 437 NA NA NA NA NA
1681203600.0 135.2 456 0 116 77 NA NA NA NA NA 770 0 281 230 NA NA NA NA NA 860 250 588 337 NA NA NA NA NA 1538 805 827 466 NA NA NA NA NA
1681203600.0 135.3 455 0 118 82 NA NA NA NA NA 788 0 295 240 NA NA NA NA NA 861 242 621 328 NA NA NA NA NA 1374 561 1027 398 NA NA NA NA NA
1681203600.0 135.4 499 0 123 82 NA NA NA NA NA 847 0 277 243 NA NA NA NA NA 954 267 610 347 NA NA NA NA NA 1376 894 1399 560 NA NA NA NA NA
1681203600.0 135.5 495 0 124 81 NA NA NA NA NA 861 0 294 242 NA NA NA NA NA 943 246 617 342 NA NA NA NA NA 2809 468 1253 412 NA NA NA NA NA
1681203600.0 135.6 506 0 122 84 NA NA NA NA NA 851 0 277 244 NA NA NA NA NA 1047 263 663 385 NA NA NA NA NA 1794 547 1194 631 NA NA NA NA NA
1681203600.0 135.7 499 0 120 83 NA NA NA NA NA 862 0 289 247 NA NA NA NA NA 934 257 616 351 NA NA NA NA NA 2462 797 1196 528 NA NA NA NA NA
1681203600.0 135.8 294 NA NA NA NA NA NA NA NA 622 NA NA NA NA NA NA NA NA 732 NA NA NA NA NA NA NA NA 549 NA NA NA NA NA NA NA NA
1681203600.0 135.9 496 0 120 80 NA NA NA NA NA 875 0 273 245 NA NA NA NA NA 919 261 590 345 NA NA NA NA NA 1737 827 1203 557 NA NA NA NA NA
1681203600.0 1350.0 NA 156 324 0 NA NA NA NA NA NA 320 545 0 NA NA NA NA NA NA 397 1502 382 NA NA NA NA NA NA 994 1973 488 NA NA NA NA NA
1681203600.0 1351.0 NA 155 324 0 NA NA NA NA NA NA 314 586 0 NA NA NA NA NA NA 386 1531 388 NA NA NA NA NA NA 1078 3894 617 NA NA NA NA NA
1681203600.0 1352.0 NA 153 316 0 NA NA NA NA NA NA 317 558 0 NA NA NA NA NA NA 385 1514 372 NA NA NA NA NA NA 1702 2203 442 NA NA NA NA NA
1681203600.0 1353.0 NA 159 322 0 NA NA NA NA NA NA 321 576 0 NA NA NA NA NA NA 416 1703 417 NA NA NA NA NA NA 622 2994 764 NA NA NA NA NA
1681203600.0 1354.0 NA 157 324 0 NA NA NA NA NA NA 324 549 0 NA NA NA NA NA NA 398 1604 389 NA NA NA NA NA NA 882 2210 635 NA NA NA NA NA
1681203600.0 1355.0 NA 160 334 0 NA NA NA NA NA NA 321 565 0 NA NA NA NA NA NA 411 1627 377 NA NA NA NA NA NA 1241 3872 452 NA NA NA NA NA
1681203600.0 1356.0 96 154 324 0 125 NA NA NA NA 282 313 617 0 306 NA NA NA NA 1764 418 1723 410 677 NA NA NA NA 1539 1298 3594 781 1304 NA NA NA NA
1681203600.0 136.721 NA 93 345 0 NA NA NA NA NA NA 249 601 0 NA NA NA NA NA NA 390 4969 340 NA NA NA NA NA NA 907 2441 520 NA NA NA NA NA
1681203600.0 136.722 NA 93 301 0 NA NA NA NA NA NA 250 596 0 NA NA NA NA NA NA 397 5627 244 NA NA NA NA NA NA 735 2861 397 NA NA NA NA NA
1681203600.0 136.723 NA 91 355 0 NA NA NA NA NA NA 247 593 0 NA NA NA NA NA NA 426 5397 319 NA NA NA NA NA NA 1071 2569 357 NA NA NA NA NA
1681203600.0 136.724 NA 94 306 0 NA NA NA NA NA NA 251 612 0 NA NA NA NA NA NA 414 6387 243 NA NA NA NA NA NA 1323 3024 409 NA NA NA NA NA
1681203600.0 136.72411 NA 171 0 NA NA NA NA NA NA NA 357 0 NA NA NA NA NA NA NA 1613 171 NA NA NA NA NA NA NA 2350 255 NA NA NA NA NA NA
1681203600.0 136.72412 NA 180 0 NA NA NA NA NA NA NA 372 0 NA NA NA NA NA NA NA 1763 172 NA NA NA NA NA NA NA 2273 255 NA NA NA NA NA NA
1681203600.0 136.725 NA 92 307 0 NA NA NA NA NA NA 241 605 0 NA NA NA NA NA NA 404 5543 241 NA NA NA NA NA NA 813 2648 391 NA NA NA NA NA
1681203600.0 136.726 NA 94 294 0 NA NA NA NA NA NA 249 552 0 NA NA NA NA NA NA 426 5799 222 NA NA NA NA NA NA 882 2636 365 NA NA NA NA NA
1681203600.0 136.727 NA 149 394 0 NA NA NA NA NA NA 364 661 0 NA NA NA NA NA NA 688 5606 353 NA NA NA NA NA NA 1043 2536 647 NA NA NA NA NA
1681203600.0 136.728 NA 147 367 0 NA NA NA NA NA NA 383 714 0 NA NA NA NA NA NA 881 6559 292 NA NA NA NA NA NA 2254 3757 338 NA NA NA NA NA
1681203600.0 136.729 NA 90 348 0 NA NA NA NA NA NA 245 620 0 NA NA NA NA NA NA 387 5747 279 NA NA NA NA NA NA 907 2481 345 NA NA NA NA NA
1681203600.0 136.73 NA 90 342 0 NA NA NA NA NA NA 243 641 0 NA NA NA NA NA NA 422 5714 261 NA NA NA NA NA NA 937 2725 403 NA NA NA NA NA
1681203600.0 136.731 NA 91 311 0 NA NA NA NA NA NA 243 635 0 NA NA NA NA NA NA 390 5793 256 NA NA NA NA NA NA 965 2734 483 NA NA NA NA NA
1681203600.0 136.732 NA 93 368 0 NA NA NA NA NA NA 249 645 0 NA NA NA NA NA NA 385 4799 346 NA NA NA NA NA NA 2361 3147 472 NA NA NA NA NA
1681203600.0 136.733 NA 174 68 0 NA NA NA NA NA NA 402 214 0 NA NA NA NA NA NA 929 289 233 NA NA NA NA NA NA 2301 549 319 NA NA NA NA NA
1681203600.0 136.734 NA 92 298 0 NA NA NA NA NA NA 251 547 0 NA NA NA NA NA NA 487 5553 248 NA NA NA NA NA NA 703 2579 294 NA NA NA NA NA
1681203600.0 136.735 NA 94 286 0 NA NA NA NA NA NA 250 539 0 NA NA NA NA NA NA 437 2427 308 NA NA NA NA NA NA 554 3708 469 NA NA NA NA NA
1681203600.0 136.736 NA 92 354 0 NA NA NA NA NA NA 252 669 0 NA NA NA NA NA NA 475 8901 348 NA NA NA NA NA NA 1025 4098 470 NA NA NA NA NA
1681203600.0 136.737 NA 91 311 0 NA NA NA NA NA NA 251 645 0 NA NA NA NA NA NA 489 9937 259 NA NA NA NA NA NA 1247 3845 366 NA NA NA NA NA
1681203600.0 136.738 NA 93 360 0 NA NA NA NA NA NA 251 691 0 NA NA NA NA NA NA 574 9860 374 NA NA NA NA NA NA 744 3754 668 NA NA NA NA NA
1681203600.0 136.739 NA 92 320 0 NA NA NA NA NA NA 248 695 0 NA NA NA NA NA NA 494 11231 260 NA NA NA NA NA NA 994 4842 601 NA NA NA NA NA
1681203600.0 136.74 NA 91 328 0 NA NA NA NA NA NA 246 674 0 NA NA NA NA NA NA 496 9439 253 NA NA NA NA NA NA 1087 3832 376 NA NA NA NA NA
1681203600.0 136.741 NA 91 299 0 NA NA NA NA NA NA 248 606 0 NA NA NA NA NA NA 528 9767 240 NA NA NA NA NA NA 900 3829 358 NA NA NA NA NA
1681203600.0 136.742 NA 93 365 0 NA NA NA NA NA NA 245 647 0 NA NA NA NA NA NA 466 8989 297 NA NA NA NA NA NA 987 3481 429 NA NA NA NA NA
1681203600.0 136.743 NA 92 391 0 NA NA NA NA NA NA 251 666 0 NA NA NA NA NA NA 516 8806 296 NA NA NA NA NA NA 998 3646 414 NA NA NA NA NA
1681203600.0 136.744 NA 92 316 0 NA NA NA NA NA NA 247 673 0 NA NA NA NA NA NA 473 9563 282 NA NA NA NA NA NA 719 3753 637 NA NA NA NA NA
1681203600.0 136.745 NA 90 378 0 NA NA NA NA NA NA 248 685 0 NA NA NA NA NA NA 414 6825 347 NA NA NA NA NA NA 1195 3298 526 NA NA NA NA NA
1681203600.0 136.746 NA 109 312 0 NA NA NA NA NA NA 255 598 0 NA NA NA NA NA NA 563 8853 299 NA NA NA NA NA NA 895 3621 776 NA NA NA NA NA
1681203600.0 136.747 NA 92 364 0 NA NA NA NA NA NA 247 675 0 NA NA NA NA NA NA 474 8690 338 NA NA NA NA NA NA 962 3388 387 NA NA NA NA NA
1681203600.0 136.748 NA 92 329 0 NA NA NA NA NA NA 248 599 0 NA NA NA NA NA NA 473 8605 263 NA NA NA NA NA NA 1045 3452 383 NA NA NA NA NA
1681203600.0 136.749 NA 91 367 0 NA NA NA NA NA NA 249 662 0 NA NA NA NA NA NA 571 9680 375 NA NA NA NA NA NA 1099 3676 705 NA NA NA NA NA
1681203600.0 136.75 NA 92 324 0 NA NA NA NA NA NA 244 678 0 NA NA NA NA NA NA 497 11392 255 NA NA NA NA NA NA 850 4601 423 NA NA NA NA NA
1681203600.0 136.751 NA 92 318 0 NA NA NA NA NA NA 250 713 0 NA NA NA NA NA NA 495 11676 259 NA NA NA NA NA NA 896 4452 430 NA NA NA NA NA
1681203600.0 136.752 NA 92 310 0 NA NA NA NA NA NA 251 634 0 NA NA NA NA NA NA 521 9449 228 NA NA NA NA NA NA 855 3799 304 NA NA NA NA NA
1681203600.0 136.753 NA 93 379 0 NA NA NA NA NA NA 247 658 0 NA NA NA NA NA NA 467 9387 312 NA NA NA NA NA NA 894 3732 842 NA NA NA NA NA
1681203600.0 136.754 NA 97 391 0 NA NA NA NA NA NA 251 702 0 NA NA NA NA NA NA 462 7615 276 NA NA NA NA NA NA 1204 3592 327 NA NA NA NA NA
1681203600.0 136.755 NA 92 318 0 NA NA NA NA NA NA 251 675 0 NA NA NA NA NA NA 483 10560 247 NA NA NA NA NA NA 923 4392 302 NA NA NA NA NA
1681203600.0 136.756 NA 93 392 0 NA NA NA NA NA NA 249 677 0 NA NA NA NA NA NA 402 6236 328 NA NA NA NA NA NA 901 2698 381 NA NA NA NA NA
1681203600.0 136.757 NA 105 329 0 NA NA NA NA NA NA 249 598 0 NA NA NA NA NA NA 563 8571 287 NA NA NA NA NA NA 1062 3408 418 NA NA NA NA NA
1681203600.0 136.758 NA 93 367 0 NA NA NA NA NA NA 254 700 0 NA NA NA NA NA NA 499 11129 321 NA NA NA NA NA NA 863 4441 360 NA NA NA NA NA
1681203600.0 136.759 NA 95 324 0 NA NA NA NA NA NA 261 669 0 NA NA NA NA NA NA 487 12245 266 NA NA NA NA NA NA 1020 5369 426 NA NA NA NA NA
1681203600.0 136.76 NA 92 374 0 NA NA NA NA NA NA 249 696 0 NA NA NA NA NA NA 570 13432 380 NA NA NA NA NA NA 700 6035 914 NA NA NA NA NA
1681203600.0 136.761 NA 92 331 0 NA NA NA NA NA NA 243 715 0 NA NA NA NA NA NA 489 15503 261 NA NA NA NA NA NA 410 7843 434 NA NA NA NA NA
1681203600.0 136.7611 NA 174 0 NA NA NA NA NA NA NA 363 0 NA NA NA NA NA NA NA 1896 172 NA NA NA NA NA NA NA 1986 252 NA NA NA NA NA NA
1681203600.0 136.76111 NA 169 0 NA NA NA NA NA NA NA 369 0 NA NA NA NA NA NA NA 1795 166 NA NA NA NA NA NA NA 2349 244 NA NA NA NA NA NA
1681203600.0 136.762 NA 92 328 0 NA NA NA NA NA NA 247 627 0 NA NA NA NA NA NA 471 15902 238 NA NA NA NA NA NA 747 6279 340 NA NA NA NA NA
1681203600.0 136.763 NA 99 309 0 NA NA NA NA NA NA 249 623 0 NA NA NA NA NA NA 530 13215 245 NA NA NA NA NA NA 1082 6274 537 NA NA NA NA NA
1681203600.0 136.764 NA 94 361 0 NA NA NA NA NA NA 246 698 0 NA NA NA NA NA NA 488 13061 301 NA NA NA NA NA NA 903 5679 522 NA NA NA NA NA
1681203600.0 136.765 NA 90 392 0 NA NA NA NA NA NA 250 709 0 NA NA NA NA NA NA 533 11121 310 NA NA NA NA NA NA 979 4051 483 NA NA NA NA NA
1681203600.0 136.766 NA 92 317 0 NA NA NA NA NA NA 248 702 0 NA NA NA NA NA NA 485 12900 254 NA NA NA NA NA NA 1022 5848 323 NA NA NA NA NA
1681203600.0 136.767 NA 91 394 0 NA NA NA NA NA NA 243 691 0 NA NA NA NA NA NA 463 9288 375 NA NA NA NA NA NA 804 3490 534 NA NA NA NA NA
1681203600.0 136.768 NA 90 311 0 NA NA NA NA NA NA 249 624 0 NA NA NA NA NA NA 578 12313 281 NA NA NA NA NA NA 878 5063 450 NA NA NA NA NA
1681203600.0 136.769 NA 93 358 0 NA NA NA NA NA NA 247 668 0 NA NA NA NA NA NA 447 8609 384 NA NA NA NA NA NA 642 3380 838 NA NA NA NA NA
1681203600.0 136.77 NA 91 324 0 NA NA NA NA NA NA 249 650 0 NA NA NA NA NA NA 442 9022 278 NA NA NA NA NA NA 889 3664 643 NA NA NA NA NA
1681203600.0 136.771 NA 94 374 0 NA NA NA NA NA NA 249 650 0 NA NA NA NA NA NA 519 8428 381 NA NA NA NA NA NA 1126 3339 1033 NA NA NA NA NA
1681203600.0 136.772 NA 93 333 0 NA NA NA NA NA NA 251 655 0 NA NA NA NA NA NA 472 9978 261 NA NA NA NA NA NA 672 4663 475 NA NA NA NA NA
1681203600.0 136.7721 NA 168 0 NA NA NA NA NA NA NA 348 0 NA NA NA NA NA NA NA 1745 170 NA NA NA NA NA NA NA 1922 258 NA NA NA NA NA NA
1681203600.0 136.77211 NA 169 0 NA NA NA NA NA NA NA 368 0 NA NA NA NA NA NA NA 1766 174 NA NA NA NA NA NA NA 2578 262 NA NA NA NA NA NA
1681203600.0 136.773 NA 93 326 0 NA NA NA NA NA NA 249 653 0 NA NA NA NA NA NA 467 8901 260 NA NA NA NA NA NA 903 3612 652 NA NA NA NA NA
1681203600.0 136.774 NA 91 335 0 NA NA NA NA NA NA 245 591 0 NA NA NA NA NA NA 487 8772 224 NA NA NA NA NA NA 1309 3442 294 NA NA NA NA NA
1681203600.0 136.775 NA 91 373 0 NA NA NA NA NA NA 249 655 0 NA NA NA NA NA NA 456 8520 299 NA NA NA NA NA NA 1096 3549 439 NA NA NA NA NA
1681203600.0 136.776 NA 94 379 0 NA NA NA NA NA NA 249 697 0 NA NA NA NA NA NA 457 7881 282 NA NA NA NA NA NA 1844 3417 404 NA NA NA NA NA
1681203600.0 136.777 NA 94 323 0 NA NA NA NA NA NA 263 639 0 NA NA NA NA NA NA 452 9612 278 NA NA NA NA NA NA 1043 3794 516 NA NA NA NA NA
1681203600.0 136.778 NA 94 381 0 NA NA NA NA NA NA 252 652 0 NA NA NA NA NA NA 398 5659 337 NA NA NA NA NA NA 675 2519 400 NA NA NA NA NA
1681203600.0 136.779 NA 94 332 0 NA NA NA NA NA NA 253 613 0 NA NA NA NA NA NA 515 8298 277 NA NA NA NA NA NA 671 3344 404 NA NA NA NA NA
1681203600.0 136.78 NA 112 516 0 NA NA NA NA NA NA 269 958 0 NA NA NA NA NA NA 452 11036 395 NA NA NA NA NA NA 1041 5038 502 NA NA NA NA NA
1681203600.0 136.7801 NA 138 0 NA NA NA NA NA NA NA 305 0 NA NA NA NA NA NA NA 580 186 NA NA NA NA NA NA NA 1070 273 NA NA NA NA NA NA
1681203600.0 136.7802 NA 66 0 NA NA NA NA NA NA NA 206 0 NA NA NA NA NA NA NA 311 171 NA NA NA NA NA NA NA 505 262 NA NA NA NA NA NA
1681203600.0 136.7803 NA 124 0 NA NA NA NA NA NA NA 293 0 NA NA NA NA NA NA NA 635 174 NA NA NA NA NA NA NA 1879 256 NA NA NA NA NA NA
1681203600.0 136.781 NA 113 436 0 NA NA NA NA NA NA 268 908 0 NA NA NA NA NA NA 441 11335 302 NA NA NA NA NA NA 1009 4587 398 NA NA NA NA NA
1681203600.0 136.782 NA 111 522 0 NA NA NA NA NA NA 270 933 0 NA NA NA NA NA NA 580 12733 411 NA NA NA NA NA NA 700 6362 815 NA NA NA NA NA
1681203600.0 136.783 NA 123 447 0 NA NA NA NA NA NA 266 1010 0 NA NA NA NA NA NA 452 13912 302 NA NA NA NA NA NA 797 5426 423 NA NA NA NA NA
1681203600.0 136.784 NA 111 431 0 NA NA NA NA NA NA 264 858 0 NA NA NA NA NA NA 445 10550 311 NA NA NA NA NA NA 998 4398 535 NA NA NA NA NA
1681203600.0 136.785 NA 112 430 0 NA NA NA NA NA NA 268 855 0 NA NA NA NA NA NA 533 12452 284 NA NA NA NA NA NA 992 6194 401 NA NA NA NA NA
1681203600.0 136.786 NA 112 519 0 NA NA NA NA NA NA 274 958 0 NA NA NA NA NA NA 443 12247 334 NA NA NA NA NA NA 817 6272 403 NA NA NA NA NA
1681203600.0 136.787 NA 116 573 0 NA NA NA NA NA NA 270 992 0 NA NA NA NA NA NA 484 11455 316 NA NA NA NA NA NA 995 4481 367 NA NA NA NA NA
1681203600.0 136.788 NA 127 440 0 NA NA NA NA NA NA 270 945 0 NA NA NA NA NA NA 442 12974 314 NA NA NA NA NA NA 783 5631 438 NA NA NA NA NA
1681203600.0 136.789 NA 123 556 0 NA NA NA NA NA NA 262 1032 0 NA NA NA NA NA NA 424 10550 419 NA NA NA NA NA NA 881 4489 757 NA NA NA NA NA
1681203600.0 136.79 NA 117 433 0 NA NA NA NA NA NA 267 846 0 NA NA NA NA NA NA 514 6668 317 NA NA NA NA NA NA 1483 2972 419 NA NA NA NA NA
1681203600.0 136.791 NA 116 444 0 NA NA NA NA NA NA 275 799 0 NA NA NA NA NA NA 468 2689 351 NA NA NA NA NA NA 2474 4044 490 NA NA NA NA NA
1681203600.0 136.792 NA 117 536 0 NA NA NA NA NA NA 278 949 0 NA NA NA NA NA NA 449 9045 412 NA NA NA NA NA NA 1080 3544 1020 NA NA NA NA NA
1681203600.0 136.793 NA 127 454 0 NA NA NA NA NA NA 268 883 0 NA NA NA NA NA NA 430 8984 304 NA NA NA NA NA NA 872 3694 425 NA NA NA NA NA
1681203600.0 136.794 NA 114 555 0 NA NA NA NA NA NA 267 926 0 NA NA NA NA NA NA 521 9672 406 NA NA NA NA NA NA 1040 4458 584 NA NA NA NA NA
1681203600.0 136.795 NA 114 461 0 NA NA NA NA NA NA 263 886 0 NA NA NA NA NA NA 442 10058 316 NA NA NA NA NA NA 808 3897 643 NA NA NA NA NA
1681203600.0 136.796 NA 115 470 0 NA NA NA NA NA NA 277 869 0 NA NA NA NA NA NA 425 8759 315 NA NA NA NA NA NA 929 3480 770 NA NA NA NA NA
1681203600.0 136.797 NA 112 472 0 NA NA NA NA NA NA 264 908 0 NA NA NA NA NA NA 498 9808 302 NA NA NA NA NA NA 1036 4580 794 NA NA NA NA NA
1681203600.0 136.798 NA 112 540 0 NA NA NA NA NA NA 267 951 0 NA NA NA NA NA NA 448 9397 355 NA NA NA NA NA NA 1493 4668 552 NA NA NA NA NA
1681203600.0 136.799 NA 114 600 0 NA NA NA NA NA NA 265 1035 0 NA NA NA NA NA NA 479 9523 360 NA NA NA NA NA NA 947 3834 500 NA NA NA NA NA
1681203600.0 136.8 NA 113 477 0 NA NA NA NA NA NA 274 941 0 NA NA NA NA NA NA 444 9953 329 NA NA NA NA NA NA 896 3909 625 NA NA NA NA NA
1681203600.0 136.801 NA 124 578 0 NA NA NA NA NA NA 267 1022 0 NA NA NA NA NA NA 412 6355 315 NA NA NA NA NA NA 1191 3839 370 NA NA NA NA NA
1681203600.0 136.802 NA 111 444 0 NA NA NA NA NA NA 268 856 0 NA NA NA NA NA NA 512 8558 328 NA NA NA NA NA NA 804 3610 460 NA NA NA NA NA
1681203600.0 136.803 NA 116 455 0 NA NA NA NA NA NA 275 828 0 NA NA NA NA NA NA 439 2671 328 NA NA NA NA NA NA 923 4094 385 NA NA NA NA NA
1681203600.0 136.804 NA 115 500 0 NA NA NA NA NA NA 278 924 0 NA NA NA NA NA NA 432 8981 414 NA NA NA NA NA NA 999 3529 953 NA NA NA NA NA
1681203600.0 136.805 NA 113 441 0 NA NA NA NA NA NA 275 943 0 NA NA NA NA NA NA 446 9678 323 NA NA NA NA NA NA 944 3825 548 NA NA NA NA NA
1681203600.0 136.806 NA 115 524 0 NA NA NA NA NA NA 273 937 0 NA NA NA NA NA NA 516 8935 379 NA NA NA NA NA NA 1102 3880 430 NA NA NA NA NA
1681203600.0 136.807 NA 113 431 0 NA NA NA NA NA NA 270 931 0 NA NA NA NA NA NA 450 10006 315 NA NA NA NA NA NA 1499 3869 682 NA NA NA NA NA
1681203600.0 136.808 NA 114 448 0 NA NA NA NA NA NA 271 907 0 NA NA NA NA NA NA 436 9256 318 NA NA NA NA NA NA 1019 3773 672 NA NA NA NA NA
1681203600.0 136.809 NA 118 440 0 NA NA NA NA NA NA 288 855 0 NA NA NA NA NA NA 496 9035 289 NA NA NA NA NA NA 933 3715 426 NA NA NA NA NA
1681203600.0 136.81 NA 114 531 0 NA NA NA NA NA NA 267 917 0 NA NA NA NA NA NA 430 9084 365 NA NA NA NA NA NA 1232 3739 944 NA NA NA NA NA
1681203600.0 136.811 NA 114 567 0 NA NA NA NA NA NA 269 1033 0 NA NA NA NA NA NA 457 9392 357 NA NA NA NA NA NA 646 4055 517 NA NA NA NA NA
1681203600.0 136.812 NA 115 429 0 NA NA NA NA NA NA 273 964 0 NA NA NA NA NA NA 437 10450 324 NA NA NA NA NA NA 772 4043 644 NA NA NA NA NA
1681203600.0 136.813 NA 114 536 0 NA NA NA NA NA NA 264 958 0 NA NA NA NA NA NA 394 6770 400 NA NA NA NA NA NA 597 3693 539 NA NA NA NA NA
1681203600.0 136.814 NA 126 433 0 NA NA NA NA NA NA 277 828 0 NA NA NA NA NA NA 534 8627 336 NA NA NA NA NA NA 1148 3687 746 NA NA NA NA NA
1681203600.0 136.815 NA 117 431 0 NA NA NA NA NA NA 279 816 0 NA NA NA NA NA NA 417 2761 352 NA NA NA NA NA NA 831 3901 514 NA NA NA NA NA
1681203600.0 136.816 NA 127 514 0 NA NA NA NA NA NA 269 1009 0 NA NA NA NA NA NA 471 13625 395 NA NA NA NA NA NA 1121 5892 554 NA NA NA NA NA
1681203600.0 136.817 NA 126 431 0 NA NA NA NA NA NA 266 947 0 NA NA NA NA NA NA 452 12148 308 NA NA NA NA NA NA 924 4731 393 NA NA NA NA NA
1681203600.0 136.818 NA 114 511 0 NA NA NA NA NA NA 272 994 0 NA NA NA NA NA NA 539 12840 414 NA NA NA NA NA NA 674 5963 815 NA NA NA NA NA
1681203600.0 136.819 NA 115 436 0 NA NA NA NA NA NA 263 944 0 NA NA NA NA NA NA 470 14053 300 NA NA NA NA NA NA 1291 6151 471 NA NA NA NA NA
1681203600.0 136.82 NA 113 424 0 NA NA NA NA NA NA 268 875 0 NA NA NA NA NA NA 469 13924 296 NA NA NA NA NA NA 674 6250 400 NA NA NA NA NA
1681203600.0 136.821 NA 115 414 0 NA NA NA NA NA NA 273 867 0 NA NA NA NA NA NA 498 12352 272 NA NA NA NA NA NA 970 7107 330 NA NA NA NA NA
1681203600.0 136.822 NA 121 507 0 NA NA NA NA NA NA 274 970 0 NA NA NA NA NA NA 431 12305 347 NA NA NA NA NA NA 1022 5727 526 NA NA NA NA NA
1681203600.0 136.823 NA 113 560 0 NA NA NA NA NA NA 275 1020 0 NA NA NA NA NA NA 485 12005 363 NA NA NA NA NA NA 1071 4775 719 NA NA NA NA NA
1681203600.0 136.824 NA 115 442 0 NA NA NA NA NA NA 275 943 0 NA NA NA NA NA NA 432 15078 315 NA NA NA NA NA NA 813 6526 425 NA NA NA NA NA
1681203600.0 136.825 NA 118 581 0 NA NA NA NA NA NA 278 971 0 NA NA NA NA NA NA 414 8320 416 NA NA NA NA NA NA 847 3339 830 NA NA NA NA NA
1681203600.0 136.826 NA 115 428 0 NA NA NA NA NA NA 270 967 0 NA NA NA NA NA NA 539 12103 310 NA NA NA NA NA NA 758 5189 368 NA NA NA NA NA
1681203600.0 136.827 NA 126 438 0 NA NA NA NA NA NA 269 897 0 NA NA NA NA NA NA 400 2814 354 NA NA NA NA NA NA 856 4047 576 NA NA NA NA NA
1681203600.0 136.828 NA 127 521 0 NA NA NA NA NA NA 279 968 0 NA NA NA NA NA NA 481 14665 409 NA NA NA NA NA NA 1102 5943 764 NA NA NA NA NA
1681203600.0 136.829 NA 113 434 0 NA NA NA NA NA NA 267 924 0 NA NA NA NA NA NA 459 14462 321 NA NA NA NA NA NA 1803 6724 722 NA NA NA NA NA
1681203600.0 136.83 NA 125 512 0 NA NA NA NA NA NA 275 996 0 NA NA NA NA NA NA 546 14529 409 NA NA NA NA NA NA 1152 6436 718 NA NA NA NA NA
1681203600.0 136.831 NA 114 441 0 NA NA NA NA NA NA 263 969 0 NA NA NA NA NA NA 447 15550 304 NA NA NA NA NA NA 409 7363 487 NA NA NA NA NA
1681203600.0 136.8311 NA 170 0 NA NA NA NA NA NA NA 351 0 NA NA NA NA NA NA NA 1836 173 NA NA NA NA NA NA NA 2057 264 NA NA NA NA NA NA
1681203600.0 136.83111 NA 177 0 NA NA NA NA NA NA NA 374 0 NA NA NA NA NA NA NA 1893 168 NA NA NA NA NA NA NA 2103 243 NA NA NA NA NA NA
1681203600.0 136.832 NA 116 455 0 NA NA NA NA NA NA 274 936 0 NA NA NA NA NA NA 431 16245 294 NA NA NA NA NA NA 967 6530 595 NA NA NA NA NA
1681203600.0 136.833 NA 124 430 0 NA NA NA NA NA NA 273 916 0 NA NA NA NA NA NA 515 15037 284 NA NA NA NA NA NA 1322 6598 473 NA NA NA NA NA
1681203600.0 136.834 NA 114 513 0 NA NA NA NA NA NA 266 988 0 NA NA NA NA NA NA 476 14511 350 NA NA NA NA NA NA 674 6144 512 NA NA NA NA NA
1681203600.0 136.835 NA 125 572 0 NA NA NA NA NA NA 273 1070 0 NA NA NA NA NA NA 504 13620 351 NA NA NA NA NA NA 825 5817 474 NA NA NA NA NA
1681203600.0 136.836 NA 116 446 0 NA NA NA NA NA NA 276 953 0 NA NA NA NA NA NA 452 15248 322 NA NA NA NA NA NA 409 6796 600 NA NA NA NA NA
1681203600.0 136.837 NA 115 558 0 NA NA NA NA NA NA 278 1041 0 NA NA NA NA NA NA 435 11434 396 NA NA NA NA NA NA 1039 5405 475 NA NA NA NA NA
1681203600.0 136.838 NA 119 430 0 NA NA NA NA NA NA 272 893 0 NA NA NA NA NA NA 584 13542 328 NA NA NA NA NA NA 1361 5827 486 NA NA NA NA NA
1681203600.0 136.839 NA 120 439 0 NA NA NA NA NA NA 281 884 0 NA NA NA NA NA NA 424 2831 364 NA NA NA NA NA NA 960 3815 907 NA NA NA NA NA
1681203600.0 136.8391 NA 161 519 0 NA NA NA NA NA NA 334 976 0 NA NA NA NA NA NA 901 12054 346 NA NA NA NA NA NA 3328 5339 445 NA NA NA NA NA
1681203600.0 136.84 NA 115 451 0 NA NA NA NA NA NA 270 853 0 NA NA NA NA NA NA 462 10646 267 NA NA NA NA NA NA 1010 4094 320 NA NA NA NA NA
1681203600.0 136.841 NA 114 417 0 NA NA NA NA NA NA 267 897 0 NA NA NA NA NA NA 444 11031 253 NA NA NA NA NA NA 902 4401 294 NA NA NA NA NA
1681203600.0 136.842 NA 114 424 0 NA NA NA NA NA NA 276 887 0 NA NA NA NA NA NA 478 14639 291 NA NA NA NA NA NA 1844 6764 613 NA NA NA NA NA
1681203600.0 136.843 NA 120 423 0 NA NA NA NA NA NA 270 897 0 NA NA NA NA NA NA 429 17105 267 NA NA NA NA NA NA 1475 6629 364 NA NA NA NA NA
1681203600.0 136.844 NA 110 443 0 NA NA NA NA NA NA 274 831 0 NA NA NA NA NA NA 569 10043 299 NA NA NA NA NA NA 1469 3949 633 NA NA NA NA NA
1681203600.0 136.845 NA 114 432 0 NA NA NA NA NA NA 262 839 0 NA NA NA NA NA NA 500 8804 274 NA NA NA NA NA NA 1023 4350 361 NA NA NA NA NA
1681203600.0 136.846 NA 113 417 0 NA NA NA NA NA NA 266 827 0 NA NA NA NA NA NA 504 8059 293 NA NA NA NA NA NA 1313 3386 847 NA NA NA NA NA
1681203600.0 136.847 NA 113 416 0 NA NA NA NA NA NA 269 914 0 NA NA NA NA NA NA 570 12410 281 NA NA NA NA NA NA 1243 5430 440 NA NA NA NA NA
1681203600.0 136.848 NA 123 423 0 NA NA NA NA NA NA 269 870 0 NA NA NA NA NA NA 557 14765 287 NA NA NA NA NA NA 1175 6857 468 NA NA NA NA NA
1681203600.0 136.849 NA 116 511 0 NA NA NA NA NA NA 273 916 0 NA NA NA NA NA NA 409 8827 384 NA NA NA NA NA NA 1073 3832 433 NA NA NA NA NA
1681203600.0 136.85 NA 113 435 0 NA NA NA NA NA NA 268 968 0 NA NA NA NA NA NA 400 9833 321 NA NA NA NA NA NA 1011 3939 585 NA NA NA NA NA
1681203600.0 136.8501 NA 116 403 0 NA NA NA NA NA NA 281 852 0 NA NA NA NA NA NA 406 10461 267 NA NA NA NA NA NA 889 4154 324 NA NA NA NA NA
1681203600.0 136.851 NA 114 512 0 NA NA NA NA NA NA 269 938 0 NA NA NA NA NA NA 485 9475 420 NA NA NA NA NA NA 1025 3909 881 NA NA NA NA NA
1681203600.0 136.852 NA 113 419 0 NA NA NA NA NA NA 273 957 0 NA NA NA NA NA NA 425 10858 283 NA NA NA NA NA NA 953 4403 336 NA NA NA NA NA
1681203600.0 136.853 NA 124 418 0 NA NA NA NA NA NA 273 935 0 NA NA NA NA NA NA 408 9250 308 NA NA NA NA NA NA 1090 3653 503 NA NA NA NA NA
1681203600.0 136.854 NA 113 428 0 NA NA NA NA NA NA 267 910 0 NA NA NA NA NA NA 472 10124 295 NA NA NA NA NA NA 1155 4157 674 NA NA NA NA NA
1681203600.0 136.855 NA 113 537 0 NA NA NA NA NA NA 261 1010 0 NA NA NA NA NA NA 442 9273 360 NA NA NA NA NA NA 944 3994 560 NA NA NA NA NA
1681203600.0 136.856 NA 115 563 0 NA NA NA NA NA NA 279 1015 0 NA NA NA NA NA NA 362 7125 423 NA NA NA NA NA NA 954 4446 926 NA NA NA NA NA
1681203600.0 136.8561 NA 106 404 0 NA NA NA NA NA NA 268 805 0 NA NA NA NA NA NA 296 2222 385 NA NA NA NA NA NA 823 2568 609 NA NA NA NA NA
1681203600.0 136.8562 NA 104 395 0 NA NA NA NA NA NA 260 792 0 NA NA NA NA NA NA 276 2046 370 NA NA NA NA NA NA 534 3223 540 NA NA NA NA NA
1681203600.0 136.857 NA 111 409 0 NA NA NA NA NA NA 276 862 0 NA NA NA NA NA NA 508 9071 338 NA NA NA NA NA NA 1392 3731 650 NA NA NA NA NA
1681203600.0 136.858 NA 114 411 0 NA NA NA NA NA NA 279 822 0 NA NA NA NA NA NA 420 2810 354 NA NA NA NA NA NA 903 3996 547 NA NA NA NA NA
1681203600.0 136.859 NA 117 417 0 NA NA NA NA NA NA 269 890 0 NA NA NA NA NA NA 423 12214 286 NA NA NA NA NA NA 718 6309 426 NA NA NA NA NA
1681203600.0 136.86 NA 114 426 0 NA NA NA NA NA NA 278 808 0 NA NA NA NA NA NA 469 9197 296 NA NA NA NA NA NA 916 3830 643 NA NA NA NA NA
1681203600.0 136.861 NA 115 511 0 NA NA NA NA NA NA 282 983 0 NA NA NA NA NA NA 429 12475 418 NA NA NA NA NA NA 960 5156 641 NA NA NA NA NA
1681203600.0 136.862 NA 114 452 0 NA NA NA NA NA NA 267 1006 0 NA NA NA NA NA NA 421 13283 314 NA NA NA NA NA NA 701 6482 433 NA NA NA NA NA
1681203600.0 136.863 NA 113 505 0 NA NA NA NA NA NA 267 973 0 NA NA NA NA NA NA 519 13320 391 NA NA NA NA NA NA 674 6066 454 NA NA NA NA NA
1681203600.0 136.864 NA 114 450 0 NA NA NA NA NA NA 262 968 0 NA NA NA NA NA NA 446 15066 306 NA NA NA NA NA NA 1720 6470 478 NA NA NA NA NA
1681203600.0 136.8642 NA 113 454 0 NA NA NA NA NA NA 267 976 0 NA NA NA NA NA NA 438 15306 304 NA NA NA NA NA NA 1342 6836 442 NA NA NA NA NA
1681203600.0 136.865 NA 114 458 0 NA NA NA NA NA NA 271 933 0 NA NA NA NA NA NA 437 14369 299 NA NA NA NA NA NA 1007 6297 424 NA NA NA NA NA
1681203600.0 136.866 NA 127 427 0 NA NA NA NA NA NA 265 919 0 NA NA NA NA NA NA 490 13086 283 NA NA NA NA NA NA 944 4745 449 NA NA NA NA NA
1681203600.0 136.867 NA 111 580 0 NA NA NA NA NA NA 264 1019 0 NA NA NA NA NA NA 468 13116 340 NA NA NA NA NA NA 1021 5209 408 NA NA NA NA NA
1681203600.0 136.868 NA 113 588 0 NA NA NA NA NA NA 271 1029 0 NA NA NA NA NA NA 404 10996 413 NA NA NA NA NA NA 752 6606 564 NA NA NA NA NA
1681203600.0 136.869 NA 113 438 0 NA NA NA NA NA NA 274 894 0 NA NA NA NA NA NA 536 13652 314 NA NA NA NA NA NA 1044 6958 381 NA NA NA NA NA
1681203600.0 136.87 NA 127 431 0 NA NA NA NA NA NA 275 884 0 NA NA NA NA NA NA 458 2950 363 NA NA NA NA NA NA 1079 4402 735 NA NA NA NA NA
1681203600.0 136.871 NA 112 440 0 NA NA NA NA NA NA 266 926 0 NA NA NA NA NA NA 416 16076 273 NA NA NA NA NA NA 1310 6332 464 NA NA NA NA NA
1681203600.0 136.872 NA 113 444 0 NA NA NA NA NA NA 272 921 0 NA NA NA NA NA NA 518 13379 283 NA NA NA NA NA NA 674 7122 387 NA NA NA NA NA
1681203600.0 136.873 NA 121 504 0 NA NA NA NA NA NA 273 1035 0 NA NA NA NA NA NA 426 11922 408 NA NA NA NA NA NA 902 5770 641 NA NA NA NA NA
1681203600.0 136.874 NA 114 460 0 NA NA NA NA NA NA 259 994 0 NA NA NA NA NA NA 416 11770 294 NA NA NA NA NA NA 875 5568 346 NA NA NA NA NA
1681203600.0 136.875 NA 111 505 0 NA NA NA NA NA NA 276 936 0 NA NA NA NA NA NA 531 12054 405 NA NA NA NA NA NA 674 5101 539 NA NA NA NA NA
1681203600.0 136.876 NA 113 446 0 NA NA NA NA NA NA 257 981 0 NA NA NA NA NA NA 445 14286 295 NA NA NA NA NA NA 613 6297 379 NA NA NA NA NA
1681203600.0 136.877 NA 126 437 0 NA NA NA NA NA NA 267 899 0 NA NA NA NA NA NA 433 11651 309 NA NA NA NA NA NA 968 5522 537 NA NA NA NA NA
1681203600.0 136.878 NA 114 432 0 NA NA NA NA NA NA 266 864 0 NA NA NA NA NA NA 478 12460 271 NA NA NA NA NA NA 826 5909 335 NA NA NA NA NA
1681203600.0 136.879 NA 113 563 0 NA NA NA NA NA NA 268 1019 0 NA NA NA NA NA NA 466 11530 368 NA NA NA NA NA NA 1274 4997 964 NA NA NA NA NA
1681203600.0 136.88 NA 114 577 0 NA NA NA NA NA NA 275 1010 0 NA NA NA NA NA NA 396 9612 423 NA NA NA NA NA NA 898 5761 806 NA NA NA NA NA
1681203600.0 136.881 NA 112 424 0 NA NA NA NA NA NA 273 865 0 NA NA NA NA NA NA 522 10515 307 NA NA NA NA NA NA 835 4791 362 NA NA NA NA NA
1681203600.0 136.882 NA 115 467 0 NA NA NA NA NA NA 283 863 0 NA NA NA NA NA NA 465 3517 372 NA NA NA NA NA NA 949 4429 857 NA NA NA NA NA
1681203600.0 136.883 NA 124 433 0 NA NA NA NA NA NA 273 907 0 NA NA NA NA NA NA 430 14538 287 NA NA NA NA NA NA 812 6017 478 NA NA NA NA NA
1681203600.0 136.884 NA 111 435 0 NA NA NA NA NA NA 271 877 0 NA NA NA NA NA NA 534 11064 276 NA NA NA NA NA NA 1291 4462 375 NA NA NA NA NA
1681203600.0 136.885 NA 114 501 0 NA NA NA NA NA NA 277 933 0 NA NA NA NA NA NA 434 12043 416 NA NA NA NA NA NA 842 5656 813 NA NA NA NA NA
1681203600.0 136.8855 NA 127 89 0 NA NA NA NA NA NA 277 302 0 NA NA NA NA NA NA 412 562 162 NA NA NA NA NA NA 945 947 246 NA NA NA NA NA
1681203600.0 136.885501 NA 115 94 0 NA NA NA NA NA NA 276 314 0 NA NA NA NA NA NA 419 644 164 NA NA NA NA NA NA 2075 861 262 NA NA NA NA NA
1681203600.0 136.885511 NA 121 66 0 NA NA NA NA NA NA 271 225 0 NA NA NA NA NA NA 408 507 176 NA NA NA NA NA NA 1114 653 255 NA NA NA NA NA
1681203600.0 136.885521 NA 115 64 0 NA NA NA NA NA NA 267 216 0 NA NA NA NA NA NA 405 492 172 NA NA NA NA NA NA 654 562 255 NA NA NA NA NA
1681203600.0 136.886 NA 113 444 0 NA NA NA NA NA NA 259 944 0 NA NA NA NA NA NA 412 11684 317 NA NA NA NA NA NA 1046 4814 494 NA NA NA NA NA
1681203600.0 136.8861 NA 115 509 0 NA NA NA NA NA NA 278 1121 0 NA NA NA NA NA NA 460 10485 354 NA NA NA NA NA NA 1155 4644 731 NA NA NA NA NA
1681203600.0 136.8862 NA 114 463 0 NA NA NA NA NA NA 269 941 0 NA NA NA NA NA NA 422 12324 309 NA NA NA NA NA NA 1057 4779 457 NA NA NA NA NA
1681203600.0 136.887 NA 115 501 0 NA NA NA NA NA NA 269 952 0 NA NA NA NA NA NA 492 11378 411 NA NA NA NA NA NA 788 5397 725 NA NA NA NA NA
1681203600.0 136.888 NA 113 443 0 NA NA NA NA NA NA 267 948 0 NA NA NA NA NA NA 443 13000 313 NA NA NA NA NA NA 970 5463 765 NA NA NA NA NA
1681203600.0 136.88811 NA 177 0 NA NA NA NA NA NA NA 359 0 NA NA NA NA NA NA NA 1848 169 NA NA NA NA NA NA NA 1976 250 NA NA NA NA NA NA
1681203600.0 136.8885 NA 114 88 0 NA NA NA NA NA NA 261 302 0 NA NA NA NA NA NA 412 559 163 NA NA NA NA NA NA 934 872 251 NA NA NA NA NA
1681203600.0 136.888501 NA 114 96 0 NA NA NA NA NA NA 270 302 0 NA NA NA NA NA NA 407 665 167 NA NA NA NA NA NA 834 876 244 NA NA NA NA NA
1681203600.0 136.888511 NA 114 83 0 NA NA NA NA NA NA 268 230 0 NA NA NA NA NA NA 415 526 184 NA NA NA NA NA NA 909 556 269 NA NA NA NA NA
1681203600.0 136.888521 NA 114 78 0 NA NA NA NA NA NA 268 212 0 NA NA NA NA NA NA 424 475 172 NA NA NA NA NA NA 799 500 258 NA NA NA NA NA
1681203600.0 136.889 NA 121 436 0 NA NA NA NA NA NA 272 924 0 NA NA NA NA NA NA 414 12906 304 NA NA NA NA NA NA 1084 6013 443 NA NA NA NA NA
1681203600.0 136.89 NA 115 432 0 NA NA NA NA NA NA 275 953 0 NA NA NA NA NA NA 458 11849 276 NA NA NA NA NA NA 1009 5197 344 NA NA NA NA NA
1681203600.0 136.891 NA 112 564 0 NA NA NA NA NA NA 270 1072 0 NA NA NA NA NA NA 466 11594 351 NA NA NA NA NA NA 1086 5004 457 NA NA NA NA NA
1681203600.0 136.892 NA 114 579 0 NA NA NA NA NA NA 269 1010 0 NA NA NA NA NA NA 395 10650 410 NA NA NA NA NA NA 721 4718 541 NA NA NA NA NA
1681203600.0 136.893 NA 122 429 0 NA NA NA NA NA NA 265 861 0 NA NA NA NA NA NA 513 11562 316 NA NA NA NA NA NA 965 4903 378 NA NA NA NA NA
1681203600.0 136.894 NA 116 489 0 NA NA NA NA NA NA 278 904 0 NA NA NA NA NA NA 450 5514 342 NA NA NA NA NA NA 866 3096 435 NA NA NA NA NA
1681203600.0 136.895 NA 114 433 0 NA NA NA NA NA NA 269 910 0 NA NA NA NA NA NA 440 13199 277 NA NA NA NA NA NA 987 5102 389 NA NA NA NA NA
1681203600.0 136.896 NA 112 431 0 NA NA NA NA NA NA 268 833 0 NA NA NA NA NA NA 508 11218 269 NA NA NA NA NA NA 995 4772 324 NA NA NA NA NA
1681203600.0 136.897 NA 249 70 0 NA NA NA NA NA NA 562 208 0 NA NA NA NA NA NA 1116 236 295 NA NA NA NA NA NA 1096 378 370 NA NA NA NA NA
1681203600.0 136.898 NA 125 433 0 NA NA NA NA NA NA 265 954 0 NA NA NA NA NA NA 484 11556 278 NA NA NA NA NA NA 999 4999 392 NA NA NA NA NA
1681203600.0 136.899 NA 288 111 0 NA NA NA NA NA NA 706 292 0 NA NA NA NA NA NA 1444 280 302 NA NA NA NA NA NA 1124 463 390 NA NA NA NA NA
1681203600.0 136.9 NA 191 162 250 140 NA NA NA NA NA 410 361 492 300 NA NA NA NA NA 7186 1174 1481 934 NA NA NA NA NA 19347 3995 3516 1551 NA NA NA NA
1681203600.0 1360.0 95 156 324 0 NA NA NA NA NA 272 315 559 0 NA NA NA NA NA 2874 343 1644 398 NA NA NA NA NA 2769 662 2470 532 NA NA NA NA NA
1681203600.0 1361.0 92 158 329 0 NA NA NA NA NA 278 317 564 0 NA NA NA NA NA 6209 403 1616 394 NA NA NA NA NA 4716 960 3255 617 NA NA NA NA NA
1681203600.0 1361.17 80 224 468 0 88 NA NA NA NA 258 408 833 0 249 NA NA NA NA 6413 1475 1732 474 363 NA NA NA NA 3854 1520 2548 716 441 NA NA NA NA
1681203600.0 1361.18 77 216 457 0 94 NA NA NA NA 246 390 871 0 253 NA NA NA NA 6103 1459 1708 478 379 NA NA NA NA 3769 1504 2790 742 556 NA NA NA NA
1681203600.0 1361.181 81 211 458 0 88 NA NA NA NA 246 379 831 0 253 NA NA NA NA 6051 1450 1727 484 382 NA NA NA NA 4079 1180 2970 861 477 NA NA NA NA
1681203600.0 1362.0 93 156 322 0 NA NA NA NA NA 276 312 568 0 NA NA NA NA NA 7794 402 1618 394 NA NA NA NA NA 5249 1626 2433 622 NA NA NA NA NA
1681203600.0 1362.17 80 228 464 0 88 NA NA NA NA 252 407 824 0 247 NA NA NA NA 8649 1545 1797 478 377 NA NA NA NA 5541 1673 3827 690 464 NA NA NA NA
1681203600.0 1362.18 81 218 455 0 91 NA NA NA NA 250 385 829 0 253 NA NA NA NA 8000 1454 1782 488 385 NA NA NA NA 4967 1387 3692 1011 533 NA NA NA NA
1681203600.0 1363.0 93 157 323 0 NA NA NA NA NA 282 320 579 0 NA NA NA NA NA 8035 405 1641 394 NA NA NA NA NA 5273 981 2496 618 NA NA NA NA NA
1681203600.0 1363.17 82 220 469 0 87 NA NA NA NA 250 396 841 0 250 NA NA NA NA 8236 1482 1768 474 365 NA NA NA NA 4886 1338 2578 718 434 NA NA NA NA
1681203600.0 1363.18 81 216 458 0 87 NA NA NA NA 247 373 834 0 249 NA NA NA NA 8385 1509 1764 470 389 NA NA NA NA 5818 2127 3011 620 480 NA NA NA NA
1681203600.0 1364.0 NA 152 318 0 NA NA NA NA NA NA 320 559 0 NA NA NA NA NA NA 390 1515 382 NA NA NA NA NA NA 1219 2420 518 NA NA NA NA NA
1681203600.0 1365.0 NA 153 322 0 NA NA NA NA NA NA 325 566 0 NA NA NA NA NA NA 425 1665 411 NA NA NA NA NA NA 782 2977 717 NA NA NA NA NA
1681203600.0 1366.0 NA 153 318 0 NA NA NA NA NA NA 318 578 0 NA NA NA NA NA NA 413 1640 421 NA NA NA NA NA NA 866 2802 899 NA NA NA NA NA
1681203600.0 137.8 NA 138 465 NA 114 442 0 NA NA NA 259 1075 NA 267 934 0 NA NA NA 433 11950 NA 380 11324 336 NA NA NA 1818 12199 NA 679 6951 414 NA NA
1681203600.0 1370.0 30 93 155 322 0 85 NA NA NA 90 274 309 564 0 252 NA NA NA 61 2110 420 1691 409 394 NA NA NA 197 1880 1279 3297 822 623 NA NA NA
1681203600.0 1370.17 25 79 231 471 0 90 NA NA NA 89 248 390 833 0 253 NA NA NA 64 2587 1595 1838 468 338 NA NA NA 207 1761 839 2227 586 361 NA NA NA
1681203600.0 1370.18 35 79 213 459 0 87 NA NA NA 90 249 394 820 0 251 NA NA NA 53 2459 1550 1852 501 409 NA NA NA 105 1692 930 3344 921 668 NA NA NA
1681203600.0 138.1 NA 256 104 0 NA NA NA NA NA NA 548 261 0 NA NA NA NA NA NA 1157 264 297 NA NA NA NA NA NA 1111 399 385 NA NA NA NA NA
1681203600.0 138.2 NA 260 89 0 NA NA NA NA NA NA 563 261 0 NA NA NA NA NA NA 1173 274 296 NA NA NA NA NA NA 1087 389 379 NA NA NA NA NA
1681203600.0 138.3 NA 40 510 0 NA NA NA NA NA NA 114 921 0 NA NA NA NA NA NA 87 58328 359 NA NA NA NA NA NA 636 23585 476 NA NA NA NA NA
1681203600.0 138.4 NA 390 0 NA NA NA NA NA NA NA 758 0 NA NA NA NA NA NA NA 1419 376 NA NA NA NA NA NA NA 1542 520 NA NA NA NA NA NA
1681203600.0 138.5 NA 427 148 0 NA NA NA NA NA NA 820 327 0 NA NA NA NA NA NA 1687 413 380 NA NA NA NA NA NA 2193 726 501 NA NA NA NA NA
1681203600.0 139.001 NA 284 474 0 NA NA NA NA NA NA 508 877 0 NA NA NA NA NA NA 1083 2864 374 NA NA NA NA NA NA 1415 4125 460 NA NA NA NA NA
1681203600.0 139.002 NA 263 548 0 NA NA NA NA NA NA 502 947 0 NA NA NA NA NA NA 1024 3469 477 NA NA NA NA NA NA 1181 4747 602 NA NA NA NA NA
1681203600.0 139.003 NA 265 334 0 NA NA NA NA NA NA 511 679 0 NA NA NA NA NA NA 1063 3012 238 NA NA NA NA NA NA 1656 3114 324 NA NA NA NA NA
1681203600.0 139.004 NA 266 576 0 NA NA NA NA NA NA 526 1122 0 NA NA NA NA NA NA 1319 3634 452 NA NA NA NA NA NA 1484 3756 594 NA NA NA NA NA
1681203600.0 139.005 NA 94 69 NA NA NA NA NA NA NA 282 279 NA NA NA NA NA NA NA 19116 8362 NA NA NA NA NA NA NA 42842 4628 NA NA NA NA NA NA
1681203600.0 139901.0 NA 159 323 0 NA NA NA NA NA NA 328 576 0 NA NA NA NA NA NA 396 1592 385 NA NA NA NA NA NA 845 3199 491 NA NA NA NA NA
1681203600.0 139902.0 NA 159 328 0 NA NA NA NA NA NA 323 578 0 NA NA NA NA NA NA 442 1780 421 NA NA NA NA NA NA 1285 2858 891 NA NA NA NA NA
1681203600.0 13992501.0 NA 321 527 0 NA NA NA NA NA NA 566 843 0 NA NA NA NA NA NA 1901 3030 428 NA NA NA NA NA NA 2302 3078 621 NA NA NA NA NA
1681203600.0 13992502.0 NA 336 533 0 NA NA NA NA NA NA 564 885 0 NA NA NA NA NA NA 1954 3454 436 NA NA NA NA NA NA 2069 3771 624 NA NA NA NA NA
1681203600.0 14.0 NA 142 300 0 NA NA NA NA NA NA 311 567 0 NA NA NA NA NA NA 1583 4173 481 NA NA NA NA NA NA 1610 2954 867 NA NA NA NA NA
1681203600.0 140.0 83 107 186 0 NA NA NA NA NA 252 261 385 0 NA NA NA NA NA 1956 292 796 250 NA NA NA NA NA 3234 759 1525 390 NA NA NA NA NA
1681203600.0 140.001 NA 268 574 0 NA NA NA NA NA NA 502 1076 0 NA NA NA NA NA NA 1102 3035 438 NA NA NA NA NA NA 1269 3903 775 NA NA NA NA NA
1681203600.0 140.002 NA 271 585 0 NA NA NA NA NA NA 512 1097 0 NA NA NA NA NA NA 1409 3730 435 NA NA NA NA NA NA 1293 4400 557 NA NA NA NA NA
1681203600.0 140.003 NA 263 571 0 NA NA NA NA NA NA 495 1143 0 NA NA NA NA NA NA 1087 2942 438 NA NA NA NA NA NA 1315 3868 871 NA NA NA NA NA
1681203600.0 140.004 NA 0 0 0 NA NA NA NA NA NA 0 0 0 NA NA NA NA NA NA 809 3083 667 NA NA NA NA NA NA 1461 4481 830 NA NA NA NA NA
1681203600.0 140.005 NA 264 583 0 NA NA NA NA NA NA 501 1131 0 NA NA NA NA NA NA 1131 3183 453 NA NA NA NA NA NA 1172 4343 901 NA NA NA NA NA
1681203600.0 140.006 NA 0 0 0 NA NA NA NA NA NA 0 0 0 NA NA NA NA NA NA 798 3055 684 NA NA NA NA NA NA 1547 4034 892 NA NA NA NA NA
1681203600.0 140.007 NA 240 573 0 NA NA NA NA NA NA 487 1117 0 NA NA NA NA NA NA 1019 3530 683 NA NA NA NA NA NA 1745 4750 1246 NA NA NA NA NA
1681203600.0 140.008 NA 218 564 0 NA NA NA NA NA NA 438 1091 0 NA NA NA NA NA NA 904 3367 679 NA NA NA NA NA NA 1363 4441 833 NA NA NA NA NA
1681203600.0 140.009 NA 0 0 0 NA NA NA NA NA NA 0 0 0 NA NA NA NA NA NA 816 3079 674 NA NA NA NA NA NA 1498 4484 824 NA NA NA NA NA
1681203600.0 140.01 NA 269 600 0 NA NA NA NA NA NA 508 1142 0 NA NA NA NA NA NA 1670 4442 475 NA NA NA NA NA NA 1782 4557 658 NA NA NA NA NA
1681203600.0 140.011 NA 0 0 0 NA NA NA NA NA NA 0 0 0 NA NA NA NA NA NA 783 3104 674 NA NA NA NA NA NA 1106 4723 895 NA NA NA NA NA
1681203600.0 140.021 NA 0 0 0 NA NA NA NA NA NA 0 0 0 NA NA NA NA NA NA 816 3131 690 NA NA NA NA NA NA 1209 4539 853 NA NA NA NA NA
1681203600.0 140.022 NA 285 647 0 NA NA NA NA NA NA 552 1228 0 NA NA NA NA NA NA 2462 10294 438 NA NA NA NA NA NA 2038 4670 597 NA NA NA NA NA
1681203600.0 140.023 NA 276 647 0 NA NA NA NA NA NA 522 1237 0 NA NA NA NA NA NA 1774 7346 445 NA NA NA NA NA NA 1883 3616 626 NA NA NA NA NA
1681203600.0 140.024 NA 284 657 0 NA NA NA NA NA NA 547 1284 0 NA NA NA NA NA NA 2742 11878 407 NA NA NA NA NA NA 1920 5185 485 NA NA NA NA NA
1681203600.0 140.025 NA 295 661 0 NA NA NA NA NA NA 558 1243 0 NA NA NA NA NA NA 2625 11982 404 NA NA NA NA NA NA 1987 4989 446 NA NA NA NA NA
1681203600.0 140.026 NA 296 660 0 NA NA NA NA NA NA 561 1326 0 NA NA NA NA NA NA 2916 13732 454 NA NA NA NA NA NA 1532 6259 779 NA NA NA NA NA
1681203600.0 140.027 NA 285 650 0 NA NA NA NA NA NA 549 1289 0 NA NA NA NA NA NA 2376 11553 456 NA NA NA NA NA NA 1658 5358 820 NA NA NA NA NA
1681203600.0 140.028 NA 283 643 0 NA NA NA NA NA NA 534 1260 0 NA NA NA NA NA NA 2288 11012 452 NA NA NA NA NA NA 1769 5002 701 NA NA NA NA NA
1681203600.0 140.029 NA 289 651 0 NA NA NA NA NA NA 558 1285 0 NA NA NA NA NA NA 2428 10974 435 NA NA NA NA NA NA 1743 4427 508 NA NA NA NA NA
1681203600.0 140.03 NA 290 659 0 NA NA NA NA NA NA 530 1284 0 NA NA NA NA NA NA 2622 10478 454 NA NA NA NA NA NA 1823 4723 809 NA NA NA NA NA
1681203600.0 140.031 NA 287 650 0 NA NA NA NA NA NA 547 1290 0 NA NA NA NA NA NA 2751 11509 440 NA NA NA NA NA NA 1723 5448 515 NA NA NA NA NA
1681203600.0 140.042 NA 306 649 0 NA NA NA NA NA NA 543 1306 0 NA NA NA NA NA NA 2780 12878 463 NA NA NA NA NA NA 2060 5908 893 NA NA NA NA NA
1681203600.0 140.043 NA 273 646 0 NA NA NA NA NA NA 545 1225 0 NA NA NA NA NA NA 1913 8364 406 NA NA NA NA NA NA 1504 4207 453 NA NA NA NA NA
1681203600.0 140.044 NA 298 655 0 NA NA NA NA NA NA 545 1284 0 NA NA NA NA NA NA 2890 13960 452 NA NA NA NA NA NA 1508 6085 704 NA NA NA NA NA
1681203600.0 140.045 NA 294 667 0 NA NA NA NA NA NA 558 1246 0 NA NA NA NA NA NA 2763 14094 431 NA NA NA NA NA NA 1873 6195 665 NA NA NA NA NA
1681203600.0 140.046 NA 304 669 0 NA NA NA NA NA NA 573 1301 0 NA NA NA NA NA NA 3094 15929 419 NA NA NA NA NA NA 1941 7529 534 NA NA NA NA NA
1681203600.0 140.047 NA 305 668 0 NA NA NA NA NA NA 553 1298 0 NA NA NA NA NA NA 2546 14181 420 NA NA NA NA NA NA 1822 6298 527 NA NA NA NA NA
1681203600.0 140.048 NA 289 657 0 NA NA NA NA NA NA 566 1253 0 NA NA NA NA NA NA 2672 13315 432 NA NA NA NA NA NA 2015 5575 535 NA NA NA NA NA
1681203600.0 140.049 NA 307 656 0 NA NA NA NA NA NA 554 1309 0 NA NA NA NA NA NA 2750 13695 457 NA NA NA NA NA NA 2040 6008 762 NA NA NA NA NA
1681203600.0 140.05 NA 284 661 0 NA NA NA NA NA NA 540 1248 0 NA NA NA NA NA NA 3198 12986 408 NA NA NA NA NA NA 2118 5361 498 NA NA NA NA NA
1681203600.0 140.051 NA 293 651 0 NA NA NA NA NA NA 550 1289 0 NA NA NA NA NA NA 2840 13257 456 NA NA NA NA NA NA 1523 5938 921 NA NA NA NA NA
1681203600.0 140.062 NA 293 662 0 NA NA NA NA NA NA 555 1338 0 NA NA NA NA NA NA 2823 14550 420 NA NA NA NA NA NA 1754 6702 507 NA NA NA NA NA
1681203600.0 140.063 NA 274 646 0 NA NA NA NA NA NA 557 1247 0 NA NA NA NA NA NA 2219 10659 430 NA NA NA NA NA NA 1633 4894 519 NA NA NA NA NA
1681203600.0 140.064 NA 294 657 0 NA NA NA NA NA NA 560 1254 0 NA NA NA NA NA NA 2855 14822 418 NA NA NA NA NA NA 1882 7105 579 NA NA NA NA NA
1681203600.0 140.065 NA 317 671 0 NA NA NA NA NA NA 560 1312 0 NA NA NA NA NA NA 2888 15629 426 NA NA NA NA NA NA 2043 7491 555 NA NA NA NA NA
1681203600.0 140.066 NA 312 682 0 NA NA NA NA NA NA 590 1307 0 NA NA NA NA NA NA 3472 18725 429 NA NA NA NA NA NA 2114 8777 613 NA NA NA NA NA
1681203600.0 140.067 NA 301 660 0 NA NA NA NA NA NA 565 1290 0 NA NA NA NA NA NA 2815 15062 425 NA NA NA NA NA NA 2264 7671 541 NA NA NA NA NA
1681203600.0 140.068 NA 298 668 0 NA NA NA NA NA NA 559 1307 0 NA NA NA NA NA NA 2724 14587 438 NA NA NA NA NA NA 2201 6890 763 NA NA NA NA NA
1681203600.0 140.069 NA 307 666 0 NA NA NA NA NA NA 565 1285 0 NA NA NA NA NA NA 2927 14015 428 NA NA NA NA NA NA 2089 6126 563 NA NA NA NA NA
1681203600.0 140.104 NA 271 641 105 NA NA NA NA NA NA 530 1247 270 NA NA NA NA NA NA 1787 7444 776 NA NA NA NA NA NA 1904 4803 836 NA NA NA NA NA
1681203600.0 140.105 NA 286 650 127 NA NA NA NA NA NA 557 1288 273 NA NA NA NA NA NA 2764 11878 833 NA NA NA NA NA NA 2246 5035 709 NA NA NA NA NA
1681203600.0 140.106 NA 295 653 123 NA NA NA NA NA NA 568 1267 311 NA NA NA NA NA NA 2521 12198 970 NA NA NA NA NA NA 1401 5953 1052 NA NA NA NA NA
1681203600.0 140.107 NA 302 658 119 NA NA NA NA NA NA 560 1243 302 NA NA NA NA NA NA 2794 13000 963 NA NA NA NA NA NA 2115 5752 1021 NA NA NA NA NA
1681203600.0 140.109 NA 286 646 135 NA NA NA NA NA NA 555 1268 289 NA NA NA NA NA NA 2310 10778 930 NA NA NA NA NA NA 1743 4825 760 NA NA NA NA NA
1681203600.0 140.11 NA 290 662 104 NA NA NA NA NA NA 527 1209 290 NA NA NA NA NA NA 2420 11055 881 NA NA NA NA NA NA 1735 4607 937 NA NA NA NA NA
1681203600.0 140.111 NA 291 670 162 NA NA NA NA NA NA 538 1206 320 NA NA NA NA NA NA 2597 10119 973 NA NA NA NA NA NA 1777 5143 1721 NA NA NA NA NA
1681203600.0 140.112 NA 291 651 132 NA NA NA NA NA NA 533 1258 298 NA NA NA NA NA NA 2758 10957 925 NA NA NA NA NA NA 2062 5476 1750 NA NA NA NA NA
1681203600.0 140.113 NA 275 653 129 NA NA NA NA NA NA 531 1206 290 NA NA NA NA NA NA 2048 8055 793 NA NA NA NA NA NA 2024 5869 827 NA NA NA NA NA
1681203600.0 140.114 NA 282 656 105 NA NA NA NA NA NA 544 1280 275 NA NA NA NA NA NA 2265 9764 865 NA NA NA NA NA NA 1741 4215 946 NA NA NA NA NA
1681203600.0 140.115 NA 279 648 110 NA NA NA NA NA NA 530 1236 278 NA NA NA NA NA NA 2259 10604 854 NA NA NA NA NA NA 1569 4710 713 NA NA NA NA NA
1681203600.0 140.116 NA 281 653 133 NA NA NA NA NA NA 539 1294 286 NA NA NA NA NA NA 2376 10656 796 NA NA NA NA NA NA 1854 4400 619 NA NA NA NA NA
1681203600.0 140.117 NA 0 0 0 NA NA NA NA NA NA 0 0 0 NA NA NA NA NA NA 771 1053 176 NA NA NA NA NA NA 1801 1323 254 NA NA NA NA NA
1681203600.0 140.51 NA 55 202 0 NA NA NA NA NA NA 156 418 0 NA NA NA NA NA NA 366 1326 261 NA NA NA NA NA NA 1216 1573 348 NA NA NA NA NA
1681203600.0 140.52 NA 233 200 0 NA NA NA NA NA NA 461 417 0 NA NA NA NA NA NA 1579 1311 268 NA NA NA NA NA NA 2697 1391 464 NA NA NA NA NA
1681203600.0 140.53 NA 292 0 NA NA NA NA NA NA NA 527 0 NA NA NA NA NA NA NA 2657 265 NA NA NA NA NA NA NA 1867 350 NA NA NA NA NA NA
1681203600.0 140.54 NA 585 0 NA NA NA NA NA NA NA 1738 0 NA NA NA NA NA NA NA 1996 291 NA NA NA NA NA NA NA 4555 380 NA NA NA NA NA NA
1681203600.0 140.55 NA 97 56 402 0 NA NA NA NA NA 272 229 743 0 NA NA NA NA NA 3786 5599 11122 273 NA NA NA NA NA 4666 3929 4634 370 NA NA NA NA
1681203600.0 140.56 NA 771 0 NA NA NA NA NA NA NA 1327 0 NA NA NA NA NA NA NA 12727 366 NA NA NA NA NA NA NA 5885 451 NA NA NA NA NA NA
1681203600.0 140.5611 NA 164 0 NA NA NA NA NA NA NA 360 0 NA NA NA NA NA NA NA 2107 170 NA NA NA NA NA NA NA 1973 260 NA NA NA NA NA NA
1681203600.0 140.57 NA 489 0 NA NA NA NA NA NA NA 895 0 NA NA NA NA NA NA NA 2322 348 NA NA NA NA NA NA NA 2589 445 NA NA NA NA NA NA
1681203600.0 140.58 NA 57 820 0 NA NA NA NA NA NA 160 1449 0 NA NA NA NA NA NA 121 9095 363 NA NA NA NA NA NA 559 4036 535 NA NA NA NA NA
1681203600.0 140.6 NA 388 0 NA NA NA NA NA NA NA 789 0 NA NA NA NA NA NA NA 1700 325 NA NA NA NA NA NA NA 1657 430 NA NA NA NA NA NA
1681203600.0 140.61 NA 389 0 NA NA NA NA NA NA NA 809 0 NA NA NA NA NA NA NA 1729 319 NA NA NA NA NA NA NA 1658 412 NA NA NA NA NA NA
1681203600.0 14034.0 35 831 0 NA NA NA NA NA NA 162 1310 0 NA NA NA NA NA NA 202 1864 291 NA NA NA NA NA NA 694 2597 377 NA NA NA NA NA NA
1681203600.0 144.6 NA 279 NA NA NA NA NA NA NA NA 530 NA NA NA NA NA NA NA NA 2624 NA NA NA NA NA NA NA NA 3065 NA NA NA NA NA NA NA
1681203600.0 145.0 78 106 184 0 NA NA NA NA NA 244 263 401 0 NA NA NA NA NA 1761 282 787 257 NA NA NA NA NA 2526 698 1769 421 NA NA NA NA NA
1681203600.0 148.0 69 167 424 0 NA NA NA NA NA 225 336 784 0 NA NA NA NA NA 803 572 1564 441 NA NA NA NA NA 2284 1175 3282 593 NA NA NA NA NA
1681203600.0 149.0 76 192 439 0 NA NA NA NA NA 237 353 816 0 NA NA NA NA NA 1103 899 1691 478 NA NA NA NA NA 1559 1008 3329 647 NA NA NA NA NA
1681203600.0 15.0 NA 114 261 0 NA NA NA NA NA NA 270 489 0 NA NA NA NA NA NA 1193 1949 415 NA NA NA NA NA NA 1253 2865 696 NA NA NA NA NA
1681203600.0 150.0 76 148 349 0 NA NA NA NA NA 238 311 784 0 NA NA NA NA NA 1957 347 917 293 NA NA NA NA NA 3256 810 1386 346 NA NA NA NA NA
1681203600.0 158.0 76 161 455 66 0 NA NA NA NA 241 316 818 202 0 NA NA NA NA 1944 328 1584 296 492 NA NA NA NA 3153 863 2606 706 675 NA NA NA NA
1681203600.0 158.01 NA 141 0 NA NA NA NA NA NA NA 312 0 NA NA NA NA NA NA NA 1645 182 NA NA NA NA NA NA NA 1964 287 NA NA NA NA NA NA
1681203600.0 158.1 NA 188 479 0 NA NA NA NA NA NA 367 931 0 NA NA NA NA NA NA 466 1633 486 NA NA NA NA NA NA 1676 2510 687 NA NA NA NA NA
1681203600.0 158.2 NA 186 471 0 NA NA NA NA NA NA 372 922 0 NA NA NA NA NA NA 440 1550 484 NA NA NA NA NA NA 1454 2229 632 NA NA NA NA NA
1681203600.0 158.3 NA 187 473 0 NA NA NA NA NA NA 365 823 0 NA NA NA NA NA NA 474 1673 510 NA NA NA NA NA NA 1189 2677 727 NA NA NA NA NA
1681203600.0 158.5 68 132 439 64 0 NA NA NA NA 228 294 793 203 0 NA NA NA NA 928 301 1481 301 479 NA NA NA NA 2244 840 2596 700 664 NA NA NA NA
1681203600.0 159.0 88 150 404 78 0 NA NA NA NA 246 317 728 212 0 NA NA NA NA 2257 322 1380 291 484 NA NA NA NA 2653 428 2177 558 670 NA NA NA NA
1681203600.0 159.01 NA 137 0 NA NA NA NA NA NA NA 320 0 NA NA NA NA NA NA NA 1414 182 NA NA NA NA NA NA NA 1616 275 NA NA NA NA NA NA
1681203600.0 159.02 89 150 74 408 83 0 NA NA NA 249 310 152 711 214 0 NA NA NA 2258 319 118 1401 288 479 NA NA NA 2883 524 283 2470 659 713 NA NA NA
1681203600.0 159.03 193 286 183 257 131 NA NA NA NA 410 535 333 570 300 NA NA NA NA 22377 3295 243 1464 852 NA NA NA NA 26528 4198 357 1480 909 NA NA NA NA
1681203600.0 159.1 92 211 426 0 NA NA NA NA NA 252 349 762 0 NA NA NA NA NA 2517 467 1449 498 NA NA NA NA NA 1832 730 1999 1137 NA NA NA NA NA
1681203600.0 159.2 91 207 428 0 NA NA NA NA NA 249 351 729 0 NA NA NA NA NA 2253 459 1407 475 NA NA NA NA NA 1935 699 1868 725 NA NA NA NA NA
1681203600.0 159.3 91 182 430 0 NA NA NA NA NA 244 345 711 0 NA NA NA NA NA 1813 442 1385 489 NA NA NA NA NA 1676 683 1945 800 NA NA NA NA NA
1681203600.0 159.4 90 182 429 0 NA NA NA NA NA 246 356 778 0 NA NA NA NA NA 2017 452 1416 494 NA NA NA NA NA 1807 851 2394 889 NA NA NA NA NA
1681203600.0 16.0 NA 132 276 0 NA NA NA NA NA NA 278 532 0 NA NA NA NA NA NA 1237 2280 439 NA NA NA NA NA NA 1288 3035 831 NA NA NA NA NA
1681203600.0 160.0 81 151 405 74 0 NA NA NA NA 240 300 684 214 0 NA NA NA NA 1622 306 1307 286 460 NA NA NA NA 2090 468 2206 614 550 NA NA NA NA
1681203600.0 160.02 81 155 67 398 85 0 NA NA NA 238 305 139 706 210 0 NA NA NA 1640 295 121 1306 285 482 NA NA NA 2064 400 488 1929 479 815 NA NA NA
1681203600.0 160.03 76 133 62 179 119 NA NA NA NA 234 295 129 429 275 NA NA NA NA 1218 293 109 554 464 NA NA NA NA 1563 595 287 822 515 NA NA NA NA
1681203600.0 160.1 89 197 425 0 NA NA NA NA NA 245 355 721 0 NA NA NA NA NA 2333 461 1436 465 NA NA NA NA NA 1836 974 2210 542 NA NA NA NA NA
1681203600.0 160.2 91 206 421 0 NA NA NA NA NA 244 352 713 0 NA NA NA NA NA 1540 418 1337 460 NA NA NA NA NA 1501 654 2084 706 NA NA NA NA NA
1681203600.0 160.3 90 207 421 0 NA NA NA NA NA 243 358 718 0 NA NA NA NA NA 1614 432 1408 488 NA NA NA NA NA 1793 675 1934 837 NA NA NA NA NA
1681203600.0 160.4 91 182 423 0 NA NA NA NA NA 246 356 737 0 NA NA NA NA NA 1982 439 1385 479 NA NA NA NA NA 1751 753 1958 689 NA NA NA NA NA
1681203600.0 17.0 NA 129 262 0 NA NA NA NA NA NA 280 528 0 NA NA NA NA NA NA 1210 2051 419 NA NA NA NA NA NA 1308 2795 733 NA NA NA NA NA
1681203600.0 18.0 NA 115 259 0 NA NA NA NA NA NA 267 499 0 NA NA NA NA NA NA 1190 1860 410 NA NA NA NA NA NA 952 2708 718 NA NA NA NA NA
1681203600.0 19.0 NA 117 263 0 NA NA NA NA NA NA 269 507 0 NA NA NA NA NA NA 1129 1835 383 NA NA NA NA NA NA 1227 3466 481 NA NA NA NA NA
1681203600.0 2.0 91 122 189 NA NA NA NA NA NA 295 267 418 NA NA NA NA NA NA 2544 415 1161 NA NA NA NA NA NA 1483 836 1564 NA NA NA NA NA NA
1681203600.0 20.0 NA 115 261 0 NA NA NA NA NA NA 268 490 0 NA NA NA NA NA NA 1161 1988 414 NA NA NA NA NA NA 792 2342 519 NA NA NA NA NA
1681203600.0 200.0 NA 160 320 0 NA NA NA NA NA NA 350 580 0 NA NA NA NA NA NA 684 2037 435 NA NA NA NA NA NA 1623 2813 618 NA NA NA NA NA
1681203600.0 20034.0 113 431 418 0 129 NA NA NA NA 273 677 730 0 303 NA NA NA NA 6104 1881 2865 561 1134 NA NA NA NA 4161 3804 3758 1438 1414 NA NA NA NA
1681203600.0 2017.1 950 0 125 84 NA NA NA NA NA 1431 0 287 246 NA NA NA NA NA 1125 285 653 354 NA NA NA NA NA 2113 619 938 449 NA NA NA NA NA
1681203600.0 2017.11 953 0 127 82 NA NA NA NA NA 1470 0 302 243 NA NA NA NA NA 1366 304 763 389 NA NA NA NA NA 2020 700 1264 636 NA NA NA NA NA
1681203600.0 2017.12 942 0 122 82 NA NA NA NA NA 1480 0 293 246 NA NA NA NA NA 1066 286 633 339 NA NA NA NA NA 1690 580 1117 382 NA NA NA NA NA
1681203600.0 2017.13 962 0 NA NA NA NA NA NA NA 1486 0 NA NA NA NA NA NA NA 1103 368 NA NA NA NA NA NA NA 1566 460 NA NA NA NA NA NA NA
1681203600.0 2017.2 896 0 116 82 NA NA NA NA NA 1369 0 282 241 NA NA NA NA NA 968 279 592 329 NA NA NA NA NA 2223 869 1182 427 NA NA NA NA NA
1681203600.0 2017.3 898 0 119 81 NA NA NA NA NA 1376 0 280 238 NA NA NA NA NA 1002 267 615 349 NA NA NA NA NA 1979 949 1138 638 NA NA NA NA NA
1681203600.0 2017.4 947 0 124 85 NA NA NA NA NA 1460 0 278 244 NA NA NA NA NA 1063 275 615 340 NA NA NA NA NA 1963 560 1171 408 NA NA NA NA NA
1681203600.0 2017.5 938 0 122 86 NA NA NA NA NA 1399 0 275 240 NA NA NA NA NA 1034 285 614 345 NA NA NA NA NA 2351 568 1369 428 NA NA NA NA NA
1681203600.0 2017.6 955 0 127 89 NA NA NA NA NA 1446 0 295 246 NA NA NA NA NA 1100 282 628 359 NA NA NA NA NA 1650 659 1208 579 NA NA NA NA NA
1681203600.0 2017.7 946 0 120 81 NA NA NA NA NA 1469 0 293 246 NA NA NA NA NA 1047 278 634 342 NA NA NA NA NA 2237 533 1190 475 NA NA NA NA NA
1681203600.0 2017.8 700 NA NA NA NA NA NA NA NA 1207 NA NA NA NA NA NA NA NA 806 NA NA NA NA NA NA NA NA 629 NA NA NA NA NA NA NA NA
1681203600.0 2017.9 950 0 121 80 NA NA NA NA NA 1442 0 281 244 NA NA NA NA NA 995 287 593 333 NA NA NA NA NA 1835 622 897 421 NA NA NA NA NA
1681203600.0 2018.1 896 0 121 90 NA NA NA NA NA 1454 0 280 241 NA NA NA NA NA 1139 292 631 373 NA NA NA NA NA 2711 759 1345 554 NA NA NA NA NA
1681203600.0 2018.11 903 0 129 86 NA NA NA NA NA 1470 0 294 248 NA NA NA NA NA 1374 303 737 399 NA NA NA NA NA 2411 748 1218 702 NA NA NA NA NA
1681203600.0 2018.12 895 0 120 85 NA NA NA NA NA 1430 0 285 244 NA NA NA NA NA 1074 288 614 366 NA NA NA NA NA 1785 596 1099 528 NA NA NA NA NA
1681203600.0 2018.13 914 0 NA NA NA NA NA NA NA 1489 0 NA NA NA NA NA NA NA 1111 368 NA NA NA NA NA NA NA 2043 460 NA NA NA NA NA NA NA
1681203600.0 2018.2 855 0 115 90 NA NA NA NA NA 1378 0 277 244 NA NA NA NA NA 971 271 588 340 NA NA NA NA NA 1937 744 929 423 NA NA NA NA NA
1681203600.0 2018.3 856 0 115 84 NA NA NA NA NA 1328 0 281 242 NA NA NA NA NA 961 273 602 346 NA NA NA NA NA 1543 591 1294 441 NA NA NA NA NA
1681203600.0 2018.4 892 0 120 90 NA NA NA NA NA 1469 0 283 243 NA NA NA NA NA 1065 284 615 358 NA NA NA NA NA 1946 759 1356 525 NA NA NA NA NA
1681203600.0 2018.5 894 0 127 83 NA NA NA NA NA 1476 0 285 238 NA NA NA NA NA 1090 293 624 353 NA NA NA NA NA 3015 836 904 526 NA NA NA NA NA
1681203600.0 2018.6 896 0 130 87 NA NA NA NA NA 1481 0 280 248 NA NA NA NA NA 1191 299 660 384 NA NA NA NA NA 1624 800 1043 612 NA NA NA NA NA
1681203600.0 2018.7 896 0 119 88 NA NA NA NA NA 1476 0 270 242 NA NA NA NA NA 1031 288 620 359 NA NA NA NA NA 1608 484 1040 601 NA NA NA NA NA
1681203600.0 2018.8 654 NA NA NA NA NA NA NA NA 1212 NA NA NA NA NA NA NA NA 812 NA NA NA NA NA NA NA NA 611 NA NA NA NA NA NA NA NA
1681203600.0 2018.9 893 0 127 84 NA NA NA NA NA 1459 0 289 245 NA NA NA NA NA 1028 287 600 349 NA NA NA NA NA 1940 694 1487 556 NA NA NA NA NA
1681203600.0 202.0 NA 167 334 0 NA NA NA NA NA NA 346 598 0 NA NA NA NA NA NA 684 2163 426 NA NA NA NA NA NA 1269 3831 497 NA NA NA NA NA
1681203600.0 203.0 NA 183 340 0 NA NA NA NA NA NA 372 609 0 NA NA NA NA NA NA 716 2175 435 NA NA NA NA NA NA 1407 3033 617 NA NA NA NA NA
1681203600.0 204.0 88 171 336 0 NA NA NA NA NA 288 343 601 0 NA NA NA NA NA 1980 723 2174 434 NA NA NA NA NA 1726 1481 3231 742 NA NA NA NA NA
1681203600.0 205.0 NA 180 339 0 NA NA NA NA NA NA 355 586 0 NA NA NA NA NA NA 720 2154 435 NA NA NA NA NA NA 1871 3639 598 NA NA NA NA NA
1681203600.0 20834.0 NA 485 429 0 133 NA NA NA NA NA 712 736 0 306 NA NA NA NA NA 2098 2937 552 1135 NA NA NA NA NA 2728 4081 2275 1579 NA NA NA NA
1681203600.0 20834.21 NA 330 211 155 NA NA NA NA NA NA 615 474 341 NA NA NA NA NA NA 1973 1598 1407 NA NA NA NA NA NA 2178 1785 1658 NA NA NA NA NA
1681203600.0 20834.5 NA 491 136 0 NA NA NA NA NA NA 751 329 0 NA NA NA NA NA NA 2114 1189 205 NA NA NA NA NA NA 2356 1663 374 NA NA NA NA NA
1681203600.0 20834.501 NA 481 184 0 NA NA NA NA NA NA 724 563 0 NA NA NA NA NA NA 2143 1246 231 NA NA NA NA NA NA 2901 1645 462 NA NA NA NA NA
1681203600.0 20834.502 NA 484 189 0 NA NA NA NA NA NA 719 656 0 NA NA NA NA NA NA 2138 1201 227 NA NA NA NA NA NA 2339 1737 445 NA NA NA NA NA
1681203600.0 20834.9 NA 491 435 0 132 NA NA NA NA NA 756 744 0 305 NA NA NA NA NA 2107 2931 544 1137 NA NA NA NA NA 2524 3983 794 1664 NA NA NA NA
1681203600.0 20896.0 NA 457 371 0 123 NA NA NA NA NA 687 665 0 298 NA NA NA NA NA 1950 2383 506 597 NA NA NA NA NA 2821 3625 908 961 NA NA NA NA
1681203600.0 20900.0 NA 460 369 0 124 NA NA NA NA NA 697 668 0 296 NA NA NA NA NA 2004 2504 541 629 NA NA NA NA NA 2322 3268 1055 1192 NA NA NA NA
1681203600.0 21.0 NA 117 264 0 NA NA NA NA NA NA 263 511 0 NA NA NA NA NA NA 1178 2079 415 NA NA NA NA NA NA 1102 2366 635 NA NA NA NA NA
1681203600.0 21034.114 NA 1278 1634 0 NA NA NA NA NA NA 1804 2536 0 NA NA NA NA NA NA 12306 17468 593 NA NA NA NA NA NA 8885 8846 752 NA NA NA NA NA
1681203600.0 21034.21 NA 748 602 207 NA NA NA NA NA NA 1261 1139 398 NA NA NA NA NA NA 10472 9273 2095 NA NA NA NA NA NA 5620 5530 1831 NA NA NA NA NA
1681203600.0 21034.99 NA 931 1159 953 0 NA NA NA NA NA 1608 1887 1558 0 NA NA NA NA NA 8028 5499 15265 589 NA NA NA NA NA 6218 5032 7421 737 NA NA NA NA
1681203600.0 21034.9921 NA 750 786 530 205 NA NA NA NA NA 1272 1195 968 389 NA NA NA NA NA 7495 4212 7603 1905 NA NA NA NA NA 6096 3007 3604 1502 NA NA NA NA
1681203600.0 21034.999 NA 471 747 552 0 NA NA NA NA NA 786 1155 900 0 NA NA NA NA NA 3542 3061 5377 563 NA NA NA NA NA 3980 3030 5049 729 NA NA NA NA
1681203600.0 21061.97 916 NA NA NA NA NA NA NA NA 1472 NA NA NA NA NA NA NA NA 7840 NA NA NA NA NA NA NA NA 5124 NA NA NA NA NA NA NA NA
1681203600.0 22.0 NA 133 267 0 NA NA NA NA NA NA 286 520 0 NA NA NA NA NA NA 1320 2457 435 NA NA NA NA NA NA 1207 2783 662 NA NA NA NA NA
1681203600.0 22034.0 114 433 427 0 129 NA NA NA NA 274 669 710 0 303 NA NA NA NA 6040 1888 2888 557 1128 NA NA NA NA 3900 2709 3851 988 1600 NA NA NA NA
1681203600.0 22434.0 123 430 420 0 130 NA NA NA NA 283 671 696 0 297 NA NA NA NA 6127 1882 2884 582 1146 NA NA NA NA 4255 2496 4410 1897 1526 NA NA NA NA
1681203600.0 22834.0 136 427 421 0 130 NA NA NA NA 284 674 732 0 304 NA NA NA NA 5509 1307 2341 491 623 NA NA NA NA 3328 1546 3012 737 1092 NA NA NA NA
1681203600.0 23.0 NA 145 296 0 NA NA NA NA NA NA 308 550 0 NA NA NA NA NA NA 1461 2712 492 NA NA NA NA NA NA 1091 3473 869 NA NA NA NA NA
1681203600.0 23234.0 149 449 419 0 131 NA NA NA NA 289 671 712 0 304 NA NA NA NA 7703 2027 3016 598 1251 NA NA NA NA 8101 2438 4925 1025 1801 NA NA NA NA
1681203600.0 23634.0 NA 493 432 0 132 NA NA NA NA NA 720 736 0 305 NA NA NA NA NA 2121 2785 533 1143 NA NA NA NA NA 2621 4040 711 1383 NA NA NA NA
1681203600.0 23634.103 NA 502 426 0 133 NA NA NA NA NA 738 756 0 307 NA NA NA NA NA 2684 2961 539 1150 NA NA NA NA NA 2578 4090 762 1683 NA NA NA NA
1681203600.0 23634.21 NA 330 207 157 NA NA NA NA NA NA 586 478 341 NA NA NA NA NA NA 1945 1610 1413 NA NA NA NA NA NA 2309 1834 1578 NA NA NA NA NA
1681203600.0 23634.5 NA 496 133 0 NA NA NA NA NA NA 725 332 0 NA NA NA NA NA NA 2162 1197 201 NA NA NA NA NA NA 2256 1660 298 NA NA NA NA NA
1681203600.0 23634.9 NA 495 432 0 133 NA NA NA NA NA 727 725 0 307 NA NA NA NA NA 2115 2813 551 1141 NA NA NA NA NA 2683 3847 828 1620 NA NA NA NA
1681203600.0 23634.911 151 497 434 0 132 NA NA NA NA 296 753 775 0 303 NA NA NA NA 10271 5487 5885 1547 1159 NA NA NA NA 8034 6246 6685 2273 1557 NA NA NA NA
1681203600.0 23696.0 NA 458 373 0 123 NA NA NA NA NA 686 650 0 294 NA NA NA NA NA 1941 2369 506 597 NA NA NA NA NA 2617 3366 748 815 NA NA NA NA
1681203600.0 23700.0 NA 458 366 0 123 NA NA NA NA NA 681 665 0 295 NA NA NA NA NA 1924 2381 511 604 NA NA NA NA NA 2784 3471 881 1063 NA NA NA NA
1681203600.0 23834.21 NA 732 621 220 NA NA NA NA NA NA 1230 1084 436 NA NA NA NA NA NA 9555 8229 2048 NA NA NA NA NA NA 5559 3606 1687 NA NA NA NA NA
1681203600.0 23834.99 NA 975 1166 968 0 NA NA NA NA NA 1575 1867 1577 0 NA NA NA NA NA 7726 5544 15870 595 NA NA NA NA NA 7046 3892 7560 796 NA NA NA NA
1681203600.0 23834.9921 NA 783 778 556 204 NA NA NA NA NA 1241 1265 1154 396 NA NA NA NA NA 7080 4327 7757 1936 NA NA NA NA NA 5749 2816 3529 1694 NA NA NA NA
1681203600.0 23834.999 NA 450 736 534 0 NA NA NA NA NA 784 1179 868 0 NA NA NA NA NA 3441 3027 4968 575 NA NA NA NA NA 5059 2587 4742 741 NA NA NA NA
1681203600.0 23861.97 909 NA NA NA NA NA NA NA NA 1472 NA NA NA NA NA NA NA NA 7494 NA NA NA NA NA NA NA NA 5499 NA NA NA NA NA NA NA NA
1681203600.0 24.0 NA 140 297 0 NA NA NA NA NA NA 311 545 0 NA NA NA NA NA NA 1619 3508 481 NA NA NA NA NA NA 1375 4173 705 NA NA NA NA NA
1681203600.0 24034.0 NA 434 414 0 132 NA NA NA NA NA 659 687 0 305 NA NA NA NA NA 1855 2780 563 1140 NA NA NA NA NA 2767 3540 956 1367 NA NA NA NA
1681203600.0 24434.0 115 432 425 0 131 NA NA NA NA 275 691 703 0 301 NA NA NA NA 6064 1886 2880 571 1127 NA NA NA NA 4262 3147 3649 1853 1309 NA NA NA NA
1681203600.0 24834.0 115 427 421 0 132 NA NA NA NA 276 678 732 0 308 NA NA NA NA 6081 1874 2878 543 1131 NA NA NA NA 4347 2407 3841 894 1402 NA NA NA NA
1681203600.0 25.0 NA 135 312 0 72 NA NA NA NA NA 314 568 0 206 NA NA NA NA NA 1680 3962 473 343 NA NA NA NA NA 2085 4083 707 600 NA NA NA NA
1681203600.0 2500.31 NA 148 0 NA NA NA NA NA NA NA 342 0 NA NA NA NA NA NA NA 20109 180 NA NA NA NA NA NA NA 9228 463 NA NA NA NA NA NA
1681203600.0 2500.311 NA 189 0 NA NA NA NA NA NA NA 505 0 NA NA NA NA NA NA NA 21788 157 NA NA NA NA NA NA NA 14202 237 NA NA NA NA NA NA
1681203600.0 2500.312 NA 192 0 NA NA NA NA NA NA NA 490 0 NA NA NA NA NA NA NA 20785 170 NA NA NA NA NA NA NA 9716 422 NA NA NA NA NA NA
1681203600.0 2500.33 NA 159 0 NA NA NA NA NA NA NA 361 0 NA NA NA NA NA NA NA 10902 177 NA NA NA NA NA NA NA 6341 448 NA NA NA NA NA NA
1681203600.0 2500.331 NA 175 0 NA NA NA NA NA NA NA 393 0 NA NA NA NA NA NA NA 19459 180 NA NA NA NA NA NA NA 8460 441 NA NA NA NA NA NA
1681203600.0 2500.332 NA 171 0 NA NA NA NA NA NA NA 365 0 NA NA NA NA NA NA NA 13888 183 NA NA NA NA NA NA NA 6802 517 NA NA NA NA NA NA
1681203600.0 2500.401 NA 115 0 NA NA NA NA NA NA NA 304 0 NA NA NA NA NA NA NA 11197 177 NA NA NA NA NA NA NA 6687 339 NA NA NA NA NA NA
1681203600.0 2500.501 NA 103 0 NA NA NA NA NA NA NA 290 0 NA NA NA NA NA NA NA 6118 170 NA NA NA NA NA NA NA 4864 428 NA NA NA NA NA NA
1681203600.0 2500.511 NA 130 0 NA NA NA NA NA NA NA 359 0 NA NA NA NA NA NA NA 3954 164 NA NA NA NA NA NA NA 4864 315 NA NA NA NA NA NA
1681203600.0 2500.5111 NA 128 0 NA NA NA NA NA NA NA 307 0 NA NA NA NA NA NA NA 943 161 NA NA NA NA NA NA NA 1155 244 NA NA NA NA NA NA
1681203600.0 2500.601 NA 139 0 NA NA NA NA NA NA NA 316 0 NA NA NA NA NA NA NA 8165 167 NA NA NA NA NA NA NA 15145 259 NA NA NA NA NA NA
1681203600.0 250199.0 320 NA NA NA NA NA NA NA NA 588 NA NA NA NA NA NA NA NA 1980 NA NA NA NA NA NA NA NA 1527 NA NA NA NA NA NA NA NA
1681203600.0 250199.17 293 NA NA NA NA NA NA NA NA 575 NA NA NA NA NA NA NA NA 2177 NA NA NA NA NA NA NA NA 1745 NA NA NA NA NA NA NA NA
1681203600.0 250199.18 392 NA NA NA NA NA NA NA NA 686 NA NA NA NA NA NA NA NA 3184 NA NA NA NA NA NA NA NA 2223 NA NA NA NA NA NA NA NA
1681203600.0 250200.0 NA 345 398 0 NA NA NA NA NA NA 646 656 0 NA NA NA NA NA NA 4789 2578 423 NA NA NA NA NA NA 2610 3459 693 NA NA NA NA NA
1681203600.0 250200.1 97 318 238 NA NA NA NA NA NA 284 577 509 NA NA NA NA NA NA 1774 736 1776 NA NA NA NA NA NA 1451 1493 2037 NA NA NA NA NA NA
1681203600.0 250200.117 77 399 279 NA NA NA NA NA NA 242 639 631 NA NA NA NA NA NA 2074 2787 1453 NA NA NA NA NA NA 1358 1242 1121 NA NA NA NA NA NA
1681203600.0 250200.118 73 446 295 88 NA NA NA NA NA 235 736 614 248 NA NA NA NA NA 2076 3006 2067 389 NA NA NA NA NA 1957 1296 2043 551 NA NA NA NA NA
1681203600.0 250200.17 NA 419 531 0 NA NA NA NA NA NA 720 912 0 NA NA NA NA NA NA 7346 2576 495 NA NA NA NA NA NA 3304 2623 708 NA NA NA NA NA
1681203600.0 250200.18 NA 462 561 0 NA NA NA NA NA NA 833 932 0 NA NA NA NA NA NA 8406 3023 493 NA NA NA NA NA NA 4339 4336 756 NA NA NA NA NA
1681203600.0 250200.182 76 454 571 0 NA NA NA NA NA 241 757 1039 0 NA NA NA NA NA 1912 2979 3131 497 NA NA NA NA NA 1757 1876 3916 805 NA NA NA NA NA
1681203600.0 250202.0 NA 346 405 0 NA NA NA NA NA NA 647 695 0 NA NA NA NA NA NA 5018 2692 433 NA NA NA NA NA NA 3200 2773 714 NA NA NA NA NA
1681203600.0 250202.1 NA 321 361 406 0 NA NA NA NA NA 572 619 688 0 NA NA NA NA NA 2130 5080 2734 395 NA NA NA NA NA 2094 1988 2437 474 NA NA NA NA
1681203600.0 250202.118 79 448 313 89 NA NA NA NA NA 240 749 624 246 NA NA NA NA NA 2725 3185 2157 395 NA NA NA NA NA 1533 1511 2132 510 NA NA NA NA NA
1681203600.0 250202.17 NA 423 551 0 NA NA NA NA NA NA 711 893 0 NA NA NA NA NA NA 7656 2745 516 NA NA NA NA NA NA 3628 3196 1095 NA NA NA NA NA
1681203600.0 250202.171 NA 331 419 561 0 NA NA NA NA NA 578 699 912 0 NA NA NA NA NA 2168 7043 2630 494 NA NA NA NA NA 2414 3019 3626 800 NA NA NA NA
1681203600.0 250202.172 NA 432 565 0 NA NA NA NA NA NA 726 907 0 NA NA NA NA NA NA 7614 2751 517 NA NA NA NA NA NA 4133 3972 936 NA NA NA NA NA
1681203600.0 250202.18 NA 459 586 0 NA NA NA NA NA NA 814 1039 0 NA NA NA NA NA NA 8701 3521 491 NA NA NA NA NA NA 4936 3346 765 NA NA NA NA NA
1681203600.0 250202.181 NA 381 471 586 0 NA NA NA NA NA 670 800 1002 0 NA NA NA NA NA 3194 8738 3229 496 NA NA NA NA NA 3477 4406 3728 664 NA NA NA NA
1681203600.0 250202.182 78 441 598 0 NA NA NA NA NA 242 719 983 0 NA NA NA NA NA 2602 3014 3567 486 NA NA NA NA NA 2092 2213 3097 603 NA NA NA NA NA
1681203600.0 250202.183 84 443 635 0 NA NA NA NA NA 246 757 1224 0 NA NA NA NA NA 2704 3043 3730 606 NA NA NA NA NA 1857 2136 3952 731 NA NA NA NA NA
1681203600.0 250202.184 NA 367 483 569 0 NA NA NA NA NA 656 819 974 0 NA NA NA NA NA 3089 9165 3184 493 NA NA NA NA NA 3348 3990 3178 664 NA NA NA NA
1681203600.0 250202.2 NA 345 387 0 NA NA NA NA NA NA 635 643 0 NA NA NA NA NA NA 10895 2458 430 NA NA NA NA NA NA 4011 3671 688 NA NA NA NA NA
1681203600.0 250202.3 NA 304 344 397 0 NA NA NA NA NA 575 621 683 0 NA NA NA NA NA 1978 9722 2373 406 NA NA NA NA NA 2544 3562 2271 662 NA NA NA NA
1681203600.0 250202.4 NA 348 390 0 NA NA NA NA NA NA 647 666 0 NA NA NA NA NA NA 10848 2553 417 NA NA NA NA NA NA 4845 3138 570 NA NA NA NA NA
1681203600.0 250202.5 NA 323 338 389 0 NA NA NA NA NA 594 639 640 0 NA NA NA NA NA 1994 9899 2563 411 NA NA NA NA NA 2563 3521 2550 655 NA NA NA NA
1681203600.0 250203.0 NA 339 403 0 NA NA NA NA NA NA 630 664 0 NA NA NA NA NA NA 4785 2551 423 NA NA NA NA NA NA 3427 3094 692 NA NA NA NA NA
1681203600.0 250203.17 NA 419 549 0 NA NA NA NA NA NA 727 879 0 NA NA NA NA NA NA 7395 2602 515 NA NA NA NA NA NA 3644 3141 884 NA NA NA NA NA
1681203600.0 250203.18 NA 461 573 0 NA NA NA NA NA NA 821 985 0 NA NA NA NA NA NA 8458 3089 476 NA NA NA NA NA NA 4606 3511 639 NA NA NA NA NA
1681203600.0 250204.0 NA 337 400 0 NA NA NA NA NA NA 630 659 0 NA NA NA NA NA NA 4933 2549 422 NA NA NA NA NA NA 2642 3024 574 NA NA NA NA NA
1681203600.0 250204.17 NA 422 549 0 NA NA NA NA NA NA 734 1006 0 NA NA NA NA NA NA 7415 2777 518 NA NA NA NA NA NA 3737 3115 860 NA NA NA NA NA
1681203600.0 250204.18 NA 452 573 0 NA NA NA NA NA NA 800 970 0 NA NA NA NA NA NA 8664 3049 488 NA NA NA NA NA NA 4617 2969 696 NA NA NA NA NA
1681203600.0 250205.0 NA 344 385 0 NA NA NA NA NA NA 630 636 0 NA NA NA NA NA NA 4967 2442 416 NA NA NA NA NA NA 3017 3597 594 NA NA NA NA NA
1681203600.0 250205.17 NA 414 547 0 NA NA NA NA NA NA 699 936 0 NA NA NA NA NA NA 7343 2644 499 NA NA NA NA NA NA 3710 4034 761 NA NA NA NA NA
1681203600.0 250205.18 NA 456 569 0 NA NA NA NA NA NA 797 940 0 NA NA NA NA NA NA 8424 3327 482 NA NA NA NA NA NA 4327 3285 741 NA NA NA NA NA
1681203600.0 250206.0 NA 337 408 0 NA NA NA NA NA NA 614 657 0 NA NA NA NA NA NA 5071 2665 432 NA NA NA NA NA NA 2959 3268 603 NA NA NA NA NA
1681203600.0 250206.118 77 409 289 91 NA NA NA NA NA 235 655 574 250 NA NA NA NA NA 1142 2559 1290 354 NA NA NA NA NA 1348 1084 1479 511 NA NA NA NA NA
1681203600.0 250206.17 NA 411 542 0 NA NA NA NA NA NA 709 904 0 NA NA NA NA NA NA 7495 2562 510 NA NA NA NA NA NA 3845 3075 730 NA NA NA NA NA
1681203600.0 250206.18 NA 461 614 0 NA NA NA NA NA NA 814 1049 0 NA NA NA NA NA NA 8518 3093 479 NA NA NA NA NA NA 4343 3347 594 NA NA NA NA NA
1681203600.0 250206.181 NA 415 469 611 0 NA NA NA NA NA 699 839 1058 0 NA NA NA NA NA 3019 8408 2887 499 NA NA NA NA NA 3083 4158 3768 708 NA NA NA NA
1681203600.0 250206.182 77 459 608 0 NA NA NA NA NA 239 690 1007 0 NA NA NA NA NA 1234 2842 2389 467 NA NA NA NA NA 1476 1182 2409 544 NA NA NA NA NA
1681203600.0 250207.0 NA 331 391 0 NA NA NA NA NA NA 631 634 0 NA NA NA NA NA NA 4672 2331 403 NA NA NA NA NA NA 3134 3103 589 NA NA NA NA NA
1681203600.0 250207.17 NA 408 537 0 NA NA NA NA NA NA 707 897 0 NA NA NA NA NA NA 7037 2352 473 NA NA NA NA NA NA 3531 3550 629 NA NA NA NA NA
1681203600.0 250207.18 NA 460 552 0 NA NA NA NA NA NA 821 931 0 NA NA NA NA NA NA 8211 2637 471 NA NA NA NA NA NA 4397 4194 690 NA NA NA NA NA
1681203600.0 250208.17 NA 424 585 0 NA NA NA NA NA NA 725 1066 0 NA NA NA NA NA NA 7534 3300 487 NA NA NA NA NA NA 3685 2911 628 NA NA NA NA NA
1681203600.0 250208.18 NA 479 581 0 NA NA NA NA NA NA 822 937 0 NA NA NA NA NA NA 9021 4082 491 NA NA NA NA NA NA 4633 4369 654 NA NA NA NA NA
1681203600.0 250399.0 403 NA NA NA NA NA NA NA NA 702 NA NA NA NA NA NA NA NA 775 NA NA NA NA NA NA NA NA 1143 NA NA NA NA NA NA NA NA
1681203600.0 250399.17 837 NA NA NA NA NA NA NA NA 1308 NA NA NA NA NA NA NA NA 1089 NA NA NA NA NA NA NA NA 1494 NA NA NA NA NA NA NA NA
1681203600.0 250399.18 787 NA NA NA NA NA NA NA NA 1337 NA NA NA NA NA NA NA NA 1118 NA NA NA NA NA NA NA NA 1437 NA NA NA NA NA NA NA NA
1681203600.0 250400.0 527 0 122 NA NA NA NA NA NA 965 0 298 NA NA NA NA NA NA 1065 250 637 NA NA NA NA NA NA 1941 465 854 NA NA NA NA NA NA
1681203600.0 250400.17 977 0 135 NA NA NA NA NA NA 1516 0 293 NA NA NA NA NA NA 1260 279 657 NA NA NA NA NA NA 3511 423 885 NA NA NA NA NA NA
1681203600.0 250400.18 935 0 128 NA NA NA NA NA NA 1519 0 287 NA NA NA NA NA NA 1288 276 664 NA NA NA NA NA NA 1858 434 1206 NA NA NA NA NA NA
1681203600.0 250402.0 534 0 127 NA NA NA NA NA NA 949 0 288 NA NA NA NA NA NA 1145 250 680 NA NA NA NA NA NA 1877 371 1025 NA NA NA NA NA NA
1681203600.0 250402.1 404 521 0 NA NA NA NA NA NA 734 897 0 NA NA NA NA NA NA 770 1138 251 NA NA NA NA NA NA 1523 1501 358 NA NA NA NA NA NA
1681203600.0 250402.17 979 0 135 NA NA NA NA NA NA 1495 0 302 NA NA NA NA NA NA 1334 284 681 NA NA NA NA NA NA 2239 555 996 NA NA NA NA NA NA
1681203600.0 250402.171 835 982 0 NA NA NA NA NA NA 1324 1488 0 NA NA NA NA NA NA 1064 1350 274 NA NA NA NA NA NA 1509 1658 359 NA NA NA NA NA NA
1681203600.0 250402.18 941 0 129 NA NA NA NA NA NA 1538 0 290 NA NA NA NA NA NA 1399 290 679 NA NA NA NA NA NA 2019 532 984 NA NA NA NA NA NA
1681203600.0 250402.181 789 936 0 NA NA NA NA NA NA 1321 1533 0 NA NA NA NA NA NA 1114 1357 272 NA NA NA NA NA NA 1898 1795 379 NA NA NA NA NA NA
1681203600.0 250403.0 529 0 124 NA NA NA NA NA NA 954 0 289 NA NA NA NA NA NA 1097 256 650 NA NA NA NA NA NA 3271 543 1136 NA NA NA NA NA NA
1681203600.0 250403.17 978 0 133 NA NA NA NA NA NA 1510 0 300 NA NA NA NA NA NA 1304 270 668 NA NA NA NA NA NA 3187 391 880 NA NA NA NA NA NA
1681203600.0 250403.18 939 0 130 NA NA NA NA NA NA 1518 0 295 NA NA NA NA NA NA 1324 273 657 NA NA NA NA NA NA 2316 512 929 NA NA NA NA NA NA
1681203600.0 250405.0 532 0 125 NA NA NA NA NA NA 977 0 294 NA NA NA NA NA NA 1060 252 639 NA NA NA NA NA NA 2009 449 818 NA NA NA NA NA NA
1681203600.0 250405.17 974 0 131 NA NA NA NA NA NA 1527 0 298 NA NA NA NA NA NA 1307 279 655 NA NA NA NA NA NA 3176 517 850 NA NA NA NA NA NA
1681203600.0 250405.18 933 0 127 NA NA NA NA NA NA 1478 0 289 NA NA NA NA NA NA 1275 274 648 NA NA NA NA NA NA 2927 515 1013 NA NA NA NA NA NA
1681203600.0 250406.0 526 0 131 NA NA NA NA NA NA 888 0 288 NA NA NA NA NA NA 948 252 617 NA NA NA NA NA NA 1987 517 885 NA NA NA NA NA NA
1681203600.0 250406.17 975 0 130 NA NA NA NA NA NA 1464 0 296 NA NA NA NA NA NA 1107 284 638 NA NA NA NA NA NA 2044 547 1107 NA NA NA NA NA NA
1681203600.0 250406.18 936 0 128 NA NA NA NA NA NA 1447 0 294 NA NA NA NA NA NA 1150 279 635 NA NA NA NA NA NA 2626 587 881 NA NA NA NA NA NA
1681203600.0 250407.0 480 0 123 NA NA NA NA NA NA 802 0 293 NA NA NA NA NA NA 966 233 634 NA NA NA NA NA NA 2515 453 891 NA NA NA NA NA NA
1681203600.0 250407.17 932 0 128 NA NA NA NA NA NA 1401 0 294 NA NA NA NA NA NA 1122 264 640 NA NA NA NA NA NA 2209 453 912 NA NA NA NA NA NA
1681203600.0 250407.18 889 0 127 NA NA NA NA NA NA 1452 0 299 NA NA NA NA NA NA 1225 259 646 NA NA NA NA NA NA 2887 613 1087 NA NA NA NA NA NA
1681203600.0 250408.0 535 0 129 NA NA NA NA NA NA 937 0 290 NA NA NA NA NA NA 1117 252 654 NA NA NA NA NA NA 1826 459 868 NA NA NA NA NA NA
1681203600.0 250408.17 983 0 131 NA NA NA NA NA NA 1476 0 307 NA NA NA NA NA NA 1313 288 685 NA NA NA NA NA NA 2725 655 1160 NA NA NA NA NA NA
1681203600.0 250408.18 941 0 129 NA NA NA NA NA NA 1497 0 284 NA NA NA NA NA NA 1347 284 665 NA NA NA NA NA NA 2483 458 836 NA NA NA NA NA NA
1681203600.0 250409.0 540 0 129 NA NA NA NA NA NA 938 0 297 NA NA NA NA NA NA 1313 263 728 NA NA NA NA NA NA 2471 571 885 NA NA NA NA NA NA
1681203600.0 250409.17 981 0 136 NA NA NA NA NA NA 1497 0 303 NA NA NA NA NA NA 1503 291 739 NA NA NA NA NA NA 2376 738 1036 NA NA NA NA NA NA
1681203600.0 250409.18 954 0 135 NA NA NA NA NA NA 1518 0 305 NA NA NA NA NA NA 1600 291 749 NA NA NA NA NA NA 3561 492 879 NA NA NA NA NA NA
1681203600.0 25200.0 NA 352 532 0 91 NA NA NA NA NA 603 839 0 248 NA NA NA NA NA 1869 3017 426 378 NA NA NA NA NA 1900 5069 665 644 NA NA NA NA
1681203600.0 25202.0 NA 343 565 0 90 NA NA NA NA NA 589 894 0 248 NA NA NA NA NA 1919 3272 440 404 NA NA NA NA NA 1661 4532 971 945 NA NA NA NA
1681203600.0 25202.1 NA 357 539 0 NA NA NA NA NA NA 633 876 0 NA NA NA NA NA NA 2649 2987 419 NA NA NA NA NA NA 1976 4163 538 NA NA NA NA NA
1681203600.0 25202.15 NA 330 546 0 116 NA NA NA NA NA 592 875 0 292 NA NA NA NA NA 1819 3272 437 512 NA NA NA NA NA 1590 4188 734 998 NA NA NA NA
1681203600.0 25202.2 NA 341 534 0 NA NA NA NA NA NA 620 886 0 NA NA NA NA NA NA 2549 2954 437 NA NA NA NA NA NA 2034 4216 810 NA NA NA NA NA
1681203600.0 25203.0 NA 339 544 0 91 NA NA NA NA NA 592 898 0 245 NA NA NA NA NA 1870 3051 427 380 NA NA NA NA NA 1971 3867 747 426 NA NA NA NA
1681203600.0 25204.0 NA 347 549 0 NA NA NA NA NA NA 592 895 0 NA NA NA NA NA NA 1889 3025 433 NA NA NA NA NA NA 1494 3976 869 NA NA NA NA NA
1681203600.0 25205.0 NA 335 529 0 86 NA NA NA NA NA 592 834 0 248 NA NA NA NA NA 1848 2855 429 396 NA NA NA NA NA 1489 3024 739 743 NA NA NA NA
1681203600.0 25206.0 NA 356 588 0 87 NA NA NA NA NA 592 895 0 240 NA NA NA NA NA 1899 3293 448 390 NA NA NA NA NA 2071 4544 730 775 NA NA NA NA
1681203600.0 25207.0 NA 334 540 0 NA NA NA NA NA NA 576 863 0 NA NA NA NA NA NA 1803 2895 407 NA NA NA NA NA NA 1549 3968 592 NA NA NA NA NA
1681203600.0 25208.0 NA 354 573 0 NA NA NA NA NA NA 604 876 0 NA NA NA NA NA NA 1971 4176 433 NA NA NA NA NA NA 1655 4093 610 NA NA NA NA NA
1681203600.0 25209.0 NA 344 554 0 84 NA NA NA NA NA 599 919 0 247 NA NA NA NA NA 1851 3181 434 402 NA NA NA NA NA 1863 4729 679 789 NA NA NA NA
1681203600.0 25210.0 89 340 556 0 NA NA NA NA NA 270 562 898 0 NA NA NA NA NA 2597 1039 2210 398 NA NA NA NA NA 3596 1498 3569 551 NA NA NA NA NA
1681203600.0 25211.0 102 341 544 0 NA NA NA NA NA 292 597 891 0 NA NA NA NA NA 6193 1779 2986 410 NA NA NA NA NA 4192 1757 3438 580 NA NA NA NA NA
1681203600.0 25211.17 81 394 671 0 NA NA NA NA NA 250 627 1053 0 NA NA NA NA NA 6359 2913 2964 477 NA NA NA NA NA 4186 2332 3373 598 NA NA NA NA NA
1681203600.0 25211.18 79 466 748 0 NA NA NA NA NA 245 746 1180 0 NA NA NA NA NA 6335 3824 3728 497 NA NA NA NA NA 4739 2612 3750 712 NA NA NA NA NA
1681203600.0 25212.0 90 343 553 0 NA NA NA NA NA 274 604 904 0 NA NA NA NA NA 7948 1844 2985 406 NA NA NA NA NA 6909 2321 3676 533 NA NA NA NA NA
1681203600.0 25212.17 84 401 687 0 NA NA NA NA NA 249 638 1147 0 NA NA NA NA NA 8588 3007 3332 496 NA NA NA NA NA 6199 1949 5012 679 NA NA NA NA NA
1681203600.0 25212.18 78 454 785 0 NA NA NA NA NA 248 767 1186 0 NA NA NA NA NA 8365 3947 4064 502 NA NA NA NA NA 5770 2730 3786 648 NA NA NA NA NA
1681203600.0 25213.0 99 349 555 0 NA NA NA NA NA 293 606 853 0 NA NA NA NA NA 8301 1815 3247 405 NA NA NA NA NA 5806 2211 4438 526 NA NA NA NA NA
1681203600.0 25213.17 76 396 674 0 NA NA NA NA NA 247 631 1084 0 NA NA NA NA NA 8095 3021 3211 489 NA NA NA NA NA 5283 2399 3988 654 NA NA NA NA NA
1681203600.0 25213.18 77 471 777 0 NA NA NA NA NA 251 748 1160 0 NA NA NA NA NA 8317 4015 4203 501 NA NA NA NA NA 5427 2899 4060 675 NA NA NA NA NA
1681203600.0 25214.0 NA 347 560 0 NA NA NA NA NA NA 580 904 0 NA NA NA NA NA NA 1865 3226 420 NA NA NA NA NA NA 1486 3779 542 NA NA NA NA NA
1681203600.0 25215.0 22 96 345 564 0 NA NA NA NA 89 286 586 858 0 NA NA NA NA 61 2268 1831 3250 434 NA NA NA NA 136 2093 1822 3587 779 NA NA NA NA
1681203600.0 25215.17 22 79 389 696 0 NA NA NA NA 89 246 633 1108 0 NA NA NA NA 60 2193 2946 3140 474 NA NA NA NA 513 2424 1767 3753 623 NA NA NA NA
1681203600.0 25215.18 22 79 454 732 0 NA NA NA NA 90 245 749 1195 0 NA NA NA NA 63 2164 3904 4043 494 NA NA NA NA 513 1778 2607 4302 756 NA NA NA NA
1681203600.0 25234.0 126 431 425 0 132 NA NA NA NA 286 660 724 0 307 NA NA NA NA 6340 1886 2913 583 1155 NA NA NA NA 4441 2906 4661 1900 1713 NA NA NA NA
1681203600.0 25234.911 157 436 427 0 133 NA NA NA NA 299 656 713 0 300 NA NA NA NA 10537 5120 5778 1600 1142 NA NA NA NA 8208 4809 5044 2570 1602 NA NA NA NA
1681203600.0 25400.0 610 0 127 NA NA NA NA NA NA 1000 0 295 NA NA NA NA NA NA 2686 274 633 NA NA NA NA NA NA 2463 502 924 NA NA NA NA NA NA
1681203600.0 25400.17 1102 0 130 NA NA NA NA NA NA 1618 0 302 NA NA NA NA NA NA 5230 302 652 NA NA NA NA NA NA 2817 514 1090 NA NA NA NA NA NA
1681203600.0 25400.18 1065 0 129 NA NA NA NA NA NA 1636 0 296 NA NA NA NA NA NA 4897 292 672 NA NA NA NA NA NA 2271 363 974 NA NA NA NA NA NA
1681203600.0 25402.0 641 0 132 NA NA NA NA NA NA 993 0 302 NA NA NA NA NA NA 3443 266 664 NA NA NA NA NA NA 3330 450 1108 NA NA NA NA NA NA
1681203600.0 25402.17 1101 0 134 NA NA NA NA NA NA 1632 0 281 NA NA NA NA NA NA 5344 296 703 NA NA NA NA NA NA 2953 415 1289 NA NA NA NA NA NA
1681203600.0 25402.18 1061 0 133 NA NA NA NA NA NA 1634 0 295 NA NA NA NA NA NA 5190 304 668 NA NA NA NA NA NA 3088 461 886 NA NA NA NA NA NA
1681203600.0 25403.0 620 0 128 NA NA NA NA NA NA 988 0 294 NA NA NA NA NA NA 2713 269 632 NA NA NA NA NA NA 2584 438 781 NA NA NA NA NA NA
1681203600.0 25403.17 1100 0 128 NA NA NA NA NA NA 1598 0 295 NA NA NA NA NA NA 4641 293 647 NA NA NA NA NA NA 2911 489 1100 NA NA NA NA NA NA
1681203600.0 25403.18 1056 0 127 NA NA NA NA NA NA 1615 0 283 NA NA NA NA NA NA 4455 295 647 NA NA NA NA NA NA 3463 559 960 NA NA NA NA NA NA
1681203600.0 25405.0 623 0 124 NA NA NA NA NA NA 980 0 282 NA NA NA NA NA NA 2765 261 644 NA NA NA NA NA NA 2617 671 1042 NA NA NA NA NA NA
1681203600.0 25405.17 1093 0 129 NA NA NA NA NA NA 1613 0 299 NA NA NA NA NA NA 4704 289 645 NA NA NA NA NA NA 3411 488 1060 NA NA NA NA NA NA
1681203600.0 25405.18 1048 0 129 NA NA NA NA NA NA 1598 0 285 NA NA NA NA NA NA 5122 285 657 NA NA NA NA NA NA 4522 454 1094 NA NA NA NA NA NA
1681203600.0 25406.0 609 0 125 NA NA NA NA NA NA 964 0 289 NA NA NA NA NA NA 1951 254 619 NA NA NA NA NA NA 2095 435 1024 NA NA NA NA NA NA
1681203600.0 25406.17 1073 0 127 NA NA NA NA NA NA 1593 0 293 NA NA NA NA NA NA 2712 288 621 NA NA NA NA NA NA 3126 673 1070 NA NA NA NA NA NA
1681203600.0 25406.18 1036 0 131 NA NA NA NA NA NA 1582 0 304 NA NA NA NA NA NA 3137 295 628 NA NA NA NA NA NA 4183 808 1083 NA NA NA NA NA NA
1681203600.0 25407.0 572 0 126 NA NA NA NA NA NA 883 0 285 NA NA NA NA NA NA 2377 248 627 NA NA NA NA NA NA 2633 414 1128 NA NA NA NA NA NA
1681203600.0 25407.17 1050 0 127 NA NA NA NA NA NA 1533 0 293 NA NA NA NA NA NA 4234 293 642 NA NA NA NA NA NA 2907 688 1053 NA NA NA NA NA NA
1681203600.0 25407.18 1000 0 127 NA NA NA NA NA NA 1522 0 285 NA NA NA NA NA NA 4380 285 637 NA NA NA NA NA NA 2498 550 998 NA NA NA NA NA NA
1681203600.0 25408.0 635 0 128 NA NA NA NA NA NA 964 0 305 NA NA NA NA NA NA 3276 274 730 NA NA NA NA NA NA 2729 771 1054 NA NA NA NA NA NA
1681203600.0 25408.17 1106 0 135 NA NA NA NA NA NA 1654 0 297 NA NA NA NA NA NA 5822 292 742 NA NA NA NA NA NA 2752 509 959 NA NA NA NA NA NA
1681203600.0 25408.18 1059 0 142 NA NA NA NA NA NA 1655 0 302 NA NA NA NA NA NA 5953 308 782 NA NA NA NA NA NA 2567 523 1281 NA NA NA NA NA NA
1681203600.0 25409.0 621 0 129 NA NA NA NA NA NA 958 0 297 NA NA NA NA NA NA 2974 274 657 NA NA NA NA NA NA 2949 597 1103 NA NA NA NA NA NA
1681203600.0 25409.17 1106 0 139 NA NA NA NA NA NA 1592 0 284 NA NA NA NA NA NA 5537 290 716 NA NA NA NA NA NA 2481 359 1092 NA NA NA NA NA NA
1681203600.0 25409.18 1046 0 132 NA NA NA NA NA NA 1594 0 297 NA NA NA NA NA NA 5261 307 662 NA NA NA NA NA NA 3070 683 1113 NA NA NA NA NA NA
1681203600.0 26.0 NA 140 298 0 NA NA NA NA NA NA 300 542 0 NA NA NA NA NA NA 1418 2583 453 NA NA NA NA NA NA 1412 4078 717 NA NA NA NA NA
1681203600.0 27.0 NA 138 297 0 NA NA NA NA NA NA 297 547 0 NA NA NA NA NA NA 1393 2457 458 NA NA NA NA NA NA 1206 3138 673 NA NA NA NA NA
1681203600.0 28.0 NA 136 295 0 NA NA NA NA NA NA 318 548 0 NA NA NA NA NA NA 1521 3152 438 NA NA NA NA NA NA 948 3931 525 NA NA NA NA NA
1681203600.0 280.0 84 121 267 0 NA NA NA NA NA 361 268 513 0 NA NA NA NA NA 2256 402 1594 420 NA NA NA NA NA 2266 1774 2558 618 NA NA NA NA NA
1681203600.0 281.0 88 176 419 0 NA NA NA NA NA 359 346 778 0 NA NA NA NA NA 1722 449 1403 416 NA NA NA NA NA 1913 706 2277 548 NA NA NA NA NA
1681203600.0 29.0 NA 135 302 0 NA NA NA NA NA NA 307 542 0 NA NA NA NA NA NA 1419 2686 431 NA NA NA NA NA NA 3122 3994 525 NA NA NA NA NA
1681203600.0 3.0 80 115 189 NA NA NA NA NA NA 279 263 424 NA NA NA NA NA NA 3679 342 1291 NA NA NA NA NA NA 2215 697 2036 NA NA NA NA NA NA
1681203600.0 30.0 NA 136 292 0 NA NA NA NA NA NA 302 556 0 NA NA NA NA NA NA 1432 2767 480 NA NA NA NA NA NA 933 3126 1118 NA NA NA NA NA
1681203600.0 300.0 77 174 467 0 NA NA NA NA NA 262 354 848 0 NA NA NA NA NA 1260 401 1478 467 NA NA NA NA NA 1234 2749 2275 676 NA NA NA NA NA
1681203600.0 301.0 79 176 470 0 NA NA NA NA NA 261 355 927 0 NA NA NA NA NA 1876 391 1495 465 NA NA NA NA NA 1988 862 2713 645 NA NA NA NA NA
1681203600.0 302.0 79 174 467 0 NA NA NA NA NA 258 353 838 0 NA NA NA NA NA 1232 400 1464 467 NA NA NA NA NA 1332 2205 2526 681 NA NA NA NA NA
1681203600.0 31.0 NA 136 289 0 NA NA NA NA NA NA 302 521 0 NA NA NA NA NA NA 1410 2492 446 NA NA NA NA NA NA 1048 2497 801 NA NA NA NA NA
1681203600.0 310.0 93 184 432 0 NA NA NA NA NA 270 351 765 0 NA NA NA NA NA 1655 369 1389 466 NA NA NA NA NA 1683 1020 2161 622 NA NA NA NA NA
1681203600.0 311.0 97 173 434 0 NA NA NA NA NA 273 350 738 0 NA NA NA NA NA 2269 380 1412 480 NA NA NA NA NA 2373 901 2246 859 NA NA NA NA NA
1681203600.0 312.0 95 190 435 0 NA NA NA NA NA 273 358 731 0 NA NA NA NA NA 1700 380 1402 450 NA NA NA NA NA 1795 940 2212 516 NA NA NA NA NA
1681203600.0 32.0 NA 131 287 0 NA NA NA NA NA NA 308 547 0 NA NA NA NA NA NA 1455 2821 438 NA NA NA NA NA NA 974 3481 552 NA NA NA NA NA
1681203600.0 33.0 NA 133 287 0 NA NA NA NA NA NA 301 528 0 NA NA NA NA NA NA 1369 2357 436 NA NA NA NA NA NA 922 3526 608 NA NA NA NA NA
1681203600.0 34.0 89 118 271 0 NA NA NA NA NA 290 261 501 0 NA NA NA NA NA 1976 383 1631 437 NA NA NA NA NA 1936 649 2559 713 NA NA NA NA NA
1681203600.0 35.0 NA 147 293 0 NA NA NA NA NA NA 310 551 0 NA NA NA NA NA NA 1486 2877 476 NA NA NA NA NA NA 1921 3918 980 NA NA NA NA NA
1681203600.0 36.0 NA 138 318 0 NA NA NA NA NA NA 305 551 0 NA NA NA NA NA NA 1567 8494 489 NA NA NA NA NA NA 2055 3438 1033 NA NA NA NA NA
1681203600.0 37.0 NA 144 299 0 NA NA NA NA NA NA 299 550 0 NA NA NA NA NA NA 1543 3870 483 NA NA NA NA NA NA 2034 4459 995 NA NA NA NA NA
1681203600.0 38.0 NA 134 294 0 NA NA NA NA NA NA 308 548 0 NA NA NA NA NA NA 1552 3492 470 NA NA NA NA NA NA 1545 3919 886 NA NA NA NA NA
1681203600.0 39.0 NA 134 305 0 NA NA NA NA NA NA 318 569 0 NA NA NA NA NA NA 1645 5183 444 NA NA NA NA NA NA 1378 2662 531 NA NA NA NA NA
1681203600.0 4.17 NA 56 280 0 157 NA NA NA NA NA 175 530 0 338 NA NA NA NA NA 177 2768 351 1073 NA NA NA NA NA 354 3167 578 1933 NA NA NA NA
1681203600.0 4.22 NA 144 65 72 0 NA NA NA NA NA 352 207 219 0 NA NA NA NA NA 864 280 257 228 NA NA NA NA NA 1333 868 518 493 NA NA NA NA
1681203600.0 4.23 NA 85 293 0 NA NA NA NA NA NA 212 522 0 NA NA NA NA NA NA 272 2711 448 NA NA NA NA NA NA 590 3455 725 NA NA NA NA NA
1681203600.0 4.24 NA 69 290 0 NA NA NA NA NA NA 206 515 0 NA NA NA NA NA NA 248 2838 354 NA NA NA NA NA NA 464 3105 500 NA NA NA NA NA
1681203600.0 4.25 NA 60 287 0 NA NA NA NA NA NA 200 517 0 NA NA NA NA NA NA 264 2843 387 NA NA NA NA NA NA 632 3974 704 NA NA NA NA NA
1681203600.0 4.26 NA 66 289 0 NA NA NA NA NA NA 200 529 0 NA NA NA NA NA NA 263 3243 419 NA NA NA NA NA NA 706 3631 825 NA NA NA NA NA
1681203600.0 4.27 NA 68 288 0 NA NA NA NA NA NA 209 517 0 NA NA NA NA NA NA 257 3411 498 NA NA NA NA NA NA 537 3219 922 NA NA NA NA NA
1681203600.0 4.28 NA 81 279 0 NA NA NA NA NA NA 212 493 0 NA NA NA NA NA NA 254 3082 1606 NA NA NA NA NA NA 665 4187 2430 NA NA NA NA NA
1681203600.0 4.29 NA 53 290 0 162 NA NA NA NA NA 181 534 0 357 NA NA NA NA NA 192 2989 352 1060 NA NA NA NA NA 734 3259 601 1882 NA NA NA NA
1681203600.0 4.34 NA 79 297 0 NA NA NA NA NA NA 209 523 0 NA NA NA NA NA NA 272 3118 446 NA NA NA NA NA NA 636 3496 743 NA NA NA NA NA
1681203600.0 4.36 NA 62 298 0 NA NA NA NA NA NA 204 535 0 NA NA NA NA NA NA 255 3291 355 NA NA NA NA NA NA 580 4206 529 NA NA NA NA NA
1681203600.0 4.37 NA 81 301 0 NA NA NA NA NA NA 203 529 0 NA NA NA NA NA NA 259 3688 391 NA NA NA NA NA NA 495 2953 638 NA NA NA NA NA
1681203600.0 4.4 NA 45 363 0 NA NA NA NA NA NA 184 710 0 NA NA NA NA NA NA 177 3447 347 NA NA NA NA NA NA 456 3479 510 NA NA NA NA NA
1681203600.0 4.41 NA 38 360 0 NA NA NA NA NA NA 182 699 0 NA NA NA NA NA NA 188 4460 344 NA NA NA NA NA NA 636 3846 467 NA NA NA NA NA
1681203600.0 4.42 NA 39 373 0 NA NA NA NA NA NA 181 720 0 NA NA NA NA NA NA 176 4845 341 NA NA NA NA NA NA 378 2781 584 NA NA NA NA NA
1681203600.0 4.43 NA 61 359 0 NA NA NA NA NA NA 182 697 0 NA NA NA NA NA NA 166 3130 335 NA NA NA NA NA NA 781 2685 480 NA NA NA NA NA
1681203600.0 4.44 NA 43 357 0 NA NA NA NA NA NA 178 713 0 NA NA NA NA NA NA 187 4074 343 NA NA NA NA NA NA 552 3699 481 NA NA NA NA NA
1681203600.0 4.45 NA 48 368 0 NA NA NA NA NA NA 180 737 0 NA NA NA NA NA NA 179 5373 333 NA NA NA NA NA NA 532 3429 430 NA NA NA NA NA
1681203600.0 4.51 NA 44 368 0 NA NA NA NA NA NA 182 738 0 NA NA NA NA NA NA 185 4639 362 NA NA NA NA NA NA 383 4134 794 NA NA NA NA NA
1681203600.0 4.52 NA 59 366 0 NA NA NA NA NA NA 180 733 0 NA NA NA NA NA NA 183 5293 330 NA NA NA NA NA NA 412 2914 458 NA NA NA NA NA
1681203600.0 4.53 NA 39 366 0 NA NA NA NA NA NA 184 719 0 NA NA NA NA NA NA 191 5471 357 NA NA NA NA NA NA 523 3615 597 NA NA NA NA NA
1681203600.0 4.54 NA 48 370 0 NA NA NA NA NA NA 179 720 0 NA NA NA NA NA NA 183 5175 326 NA NA NA NA NA NA 546 3043 407 NA NA NA NA NA
1681203600.0 4.55 NA 39 369 0 NA NA NA NA NA NA 180 738 0 NA NA NA NA NA NA 184 6390 337 NA NA NA NA NA NA 563 3160 574 NA NA NA NA NA
1681203600.0 4.57 NA 66 379 0 NA NA NA NA NA NA 199 748 0 NA NA NA NA NA NA 261 5894 348 NA NA NA NA NA NA 545 2784 608 NA NA NA NA NA
1681203600.0 4.58 NA 51 363 0 NA NA NA NA NA NA 181 719 0 NA NA NA NA NA NA 186 4040 353 NA NA NA NA NA NA 465 3287 571 NA NA NA NA NA
1681203600.0 4.6 NA 280 0 NA NA NA NA NA NA NA 510 0 NA NA NA NA NA NA NA 2767 484 NA NA NA NA NA NA NA 3884 670 NA NA NA NA NA NA
1681203600.0 4.61 NA 49 372 0 NA NA NA NA NA NA 183 755 0 NA NA NA NA NA NA 174 4920 338 NA NA NA NA NA NA 360 2776 599 NA NA NA NA NA
1681203600.0 4.62 NA 36 366 0 NA NA NA NA NA NA 178 718 0 NA NA NA NA NA NA 179 5032 333 NA NA NA NA NA NA 440 2887 438 NA NA NA NA NA
1681203600.0 4.63 NA 38 371 0 NA NA NA NA NA NA 179 735 0 NA NA NA NA NA NA 179 5562 347 NA NA NA NA NA NA 359 2910 713 NA NA NA NA NA
1681203600.0 4.64 NA 40 370 0 NA NA NA NA NA NA 185 738 0 NA NA NA NA NA NA 180 5405 332 NA NA NA NA NA NA 420 3764 446 NA NA NA NA NA
1681203600.0 4.65 NA 48 387 0 NA NA NA NA NA NA 182 751 0 NA NA NA NA NA NA 203 7536 349 NA NA NA NA NA NA 468 4397 478 NA NA NA NA NA
1681203600.0 4.67 NA 81 378 0 NA NA NA NA NA NA 203 761 0 NA NA NA NA NA NA 271 6210 347 NA NA NA NA NA NA 890 3613 524 NA NA NA NA NA
1681203600.0 4.68 NA 47 368 0 NA NA NA NA NA NA 184 744 0 NA NA NA NA NA NA 190 5035 354 NA NA NA NA NA NA 432 3562 619 NA NA NA NA NA
1681203600.0 4.71 NA 40 366 0 NA NA NA NA NA NA 176 711 0 NA NA NA NA NA NA 187 4123 360 NA NA NA NA NA NA 940 3662 621 NA NA NA NA NA
1681203600.0 4.72 NA 40 364 0 NA NA NA NA NA NA 179 722 0 NA NA NA NA NA NA 191 4859 363 NA NA NA NA NA NA 627 3490 603 NA NA NA NA NA
1681203600.0 4.73 NA 57 372 0 NA NA NA NA NA NA 183 715 0 NA NA NA NA NA NA 181 5439 339 NA NA NA NA NA NA 388 3553 406 NA NA NA NA NA
1681203600.0 4.74 NA 44 367 0 NA NA NA NA NA NA 182 737 0 NA NA NA NA NA NA 175 4652 325 NA NA NA NA NA NA 349 2811 397 NA NA NA NA NA
1681203600.0 4.75 NA 44 370 0 NA NA NA NA NA NA 182 728 0 NA NA NA NA NA NA 176 5543 335 NA NA NA NA NA NA 385 2923 615 NA NA NA NA NA
1681203600.0 4.76 NA 86 378 0 NA NA NA NA NA NA 204 750 0 NA NA NA NA NA NA 267 5852 345 NA NA NA NA NA NA 739 3412 435 NA NA NA NA NA
1681203600.0 4.77 NA 68 378 0 NA NA NA NA NA NA 204 754 0 NA NA NA NA NA NA 258 5754 342 NA NA NA NA NA NA 580 2620 473 NA NA NA NA NA
1681203600.0 4.78 NA 45 370 0 NA NA NA NA NA NA 182 746 0 NA NA NA NA NA NA 189 5542 336 NA NA NA NA NA NA 478 2984 559 NA NA NA NA NA
1681203600.0 4000.0 NA 135 300 NA NA NA NA NA NA NA 308 547 NA NA NA NA NA NA NA 1547 3732 NA NA NA NA NA NA NA 1285 3503 NA NA NA NA NA NA
1681203600.0 4001.0 NA 185 350 NA NA NA NA NA NA NA 372 596 NA NA NA NA NA NA NA 705 2112 NA NA NA NA NA NA NA 1157 2421 NA NA NA NA NA NA
1681203600.0 4002.0 NA 134 290 NA NA NA NA NA NA NA 306 527 NA NA NA NA NA NA NA 1310 2434 NA NA NA NA NA NA NA 835 2565 NA NA NA NA NA NA
1681203600.0 4003.0 NA 137 290 NA NA NA NA NA NA NA 315 543 NA NA NA NA NA NA NA 1352 2647 NA NA NA NA NA NA NA 1049 2797 NA NA NA NA NA NA
1681203600.0 4006.0 67 168 336 NA NA NA NA NA NA 225 372 588 NA NA NA NA NA NA 812 749 2156 NA NA NA NA NA NA 1375 2144 2444 NA NA NA NA NA NA
1681203600.0 4007.0 63 0 0 NA NA NA NA NA NA 222 0 0 NA NA NA NA NA NA 590 140 1274 NA NA NA NA NA NA 1187 492 2219 NA NA NA NA NA NA
1681203600.0 4008.0 63 0 0 NA NA NA NA NA NA 222 0 0 NA NA NA NA NA NA 622 151 1330 NA NA NA NA NA NA 936 618 2203 NA NA NA NA NA NA
1681203600.0 43.0 NA 133 294 0 NA NA NA NA NA NA 296 543 0 NA NA NA NA NA NA 1447 3146 474 NA NA NA NA NA NA 859 3100 650 NA NA NA NA NA
1681203600.0 44.0 NA 132 293 0 NA NA NA NA NA NA 310 542 0 NA NA NA NA NA NA 1428 2951 445 NA NA NA NA NA NA 1238 4215 717 NA NA NA NA NA
1681203600.0 45.0 NA 138 294 0 NA NA NA NA NA NA 309 545 0 NA NA NA NA NA NA 1435 2973 460 NA NA NA NA NA NA 1158 3148 616 NA NA NA NA NA
1681203600.0 5.1 322 0 NA NA NA NA NA NA NA 584 0 NA NA NA NA NA NA NA 1005 251 NA NA NA NA NA NA NA 1484 347 NA NA NA NA NA NA NA
1681203600.0 5.2 284 0 NA NA NA NA NA NA NA 483 0 NA NA NA NA NA NA NA 832 226 NA NA NA NA NA NA NA 1259 304 NA NA NA NA NA NA NA
1681203600.0 5.3 281 0 NA NA NA NA NA NA NA 486 0 NA NA NA NA NA NA NA 833 226 NA NA NA NA NA NA NA 1273 326 NA NA NA NA NA NA NA
1681203600.0 5.4 324 0 NA NA NA NA NA NA NA 591 0 NA NA NA NA NA NA NA 923 239 NA NA NA NA NA NA NA 1470 342 NA NA NA NA NA NA NA
1681203600.0 5.5 319 0 NA NA NA NA NA NA NA 573 0 NA NA NA NA NA NA NA 870 239 NA NA NA NA NA NA NA 1421 332 NA NA NA NA NA NA NA
1681203600.0 5.6 322 0 NA NA NA NA NA NA NA 595 0 NA NA NA NA NA NA NA 960 243 NA NA NA NA NA NA NA 1545 332 NA NA NA NA NA NA NA
1681203600.0 5.7 329 0 NA NA NA NA NA NA NA 585 0 NA NA NA NA NA NA NA 925 242 NA NA NA NA NA NA NA 1286 345 NA NA NA NA NA NA NA
1681203600.0 500199.0 212 NA NA NA NA NA NA NA NA 435 NA NA NA NA NA NA NA NA 1303 NA NA NA NA NA NA NA NA 1414 NA NA NA NA NA NA NA NA
1681203600.0 500200.0 NA 215 331 0 NA NA NA NA NA NA 438 575 0 NA NA NA NA NA NA 3054 2281 443 NA NA NA NA NA NA 2503 3113 607 NA NA NA NA NA
1681203600.0 500200.1 98 206 223 NA NA NA NA NA NA 280 406 451 NA NA NA NA NA NA 1740 536 1835 NA NA NA NA NA NA 1183 979 2281 NA NA NA NA NA NA
1681203600.0 500202.0 NA 225 343 0 NA NA NA NA NA NA 443 593 0 NA NA NA NA NA NA 3363 2605 433 NA NA NA NA NA NA 2383 3201 511 NA NA NA NA NA
1681203600.0 500203.0 NA 219 333 0 NA NA NA NA NA NA 436 577 0 NA NA NA NA NA NA 3076 2314 437 NA NA NA NA NA NA 1924 3123 553 NA NA NA NA NA
1681203600.0 500204.0 NA 216 321 0 NA NA NA NA NA NA 438 596 0 NA NA NA NA NA NA 3148 2347 429 NA NA NA NA NA NA 1997 3694 500 NA NA NA NA NA
1681203600.0 500205.0 NA 219 320 0 NA NA NA NA NA NA 445 579 0 NA NA NA NA NA NA 2998 2237 449 NA NA NA NA NA NA 2177 2535 1009 NA NA NA NA NA
1681203600.0 500206.0 NA 212 330 0 NA NA NA NA NA NA 434 569 0 NA NA NA NA NA NA 3064 2366 429 NA NA NA NA NA NA 2599 3478 497 NA NA NA NA NA
1681203600.0 500207.0 NA 204 325 0 NA NA NA NA NA NA 429 560 0 NA NA NA NA NA NA 2734 2183 431 NA NA NA NA NA NA 2111 3134 629 NA NA NA NA NA
1681203600.0 50200.0 NA 225 419 0 NA NA NA NA NA NA 441 692 0 NA NA NA NA NA NA 1086 2530 429 NA NA NA NA NA NA 2034 3954 523 NA NA NA NA NA
1681203600.0 50202.0 NA 234 434 0 NA NA NA NA NA NA 441 723 0 NA NA NA NA NA NA 1146 2858 453 NA NA NA NA NA NA 1622 3635 677 NA NA NA NA NA
1681203600.0 50203.0 NA 238 424 0 NA NA NA NA NA NA 428 700 0 NA NA NA NA NA NA 1150 2687 436 NA NA NA NA NA NA 1338 3916 518 NA NA NA NA NA
1681203600.0 50204.0 NA 232 415 0 NA NA NA NA NA NA 450 725 0 NA NA NA NA NA NA 1123 2705 450 NA NA NA NA NA NA 1216 3906 637 NA NA NA NA NA
1681203600.0 50205.0 NA 220 403 0 NA NA NA NA NA NA 441 678 0 NA NA NA NA NA NA 1100 2459 448 NA NA NA NA NA NA 2038 2891 855 NA NA NA NA NA
1681203600.0 50206.0 NA 242 415 0 NA NA NA NA NA NA 451 697 0 NA NA NA NA NA NA 1171 2647 462 NA NA NA NA NA NA 1513 3782 895 NA NA NA NA NA
1681203600.0 50207.0 NA 228 412 0 NA NA NA NA NA NA 451 704 0 NA NA NA NA NA NA 1138 2453 440 NA NA NA NA NA NA 1998 3199 590 NA NA NA NA NA
1681203600.0 50208.0 NA 242 429 0 NA NA NA NA NA NA 438 725 0 NA NA NA NA NA NA 1181 3373 447 NA NA NA NA NA NA 1590 4144 516 NA NA NA NA NA
1681203600.0 503.0 37 0 NA NA NA NA NA NA NA 164 0 NA NA NA NA NA NA NA 2542 156 NA NA NA NA NA NA NA 1732 233 NA NA NA NA NA NA NA
1681203600.0 504.0 43 0 NA NA NA NA NA NA NA 174 0 NA NA NA NA NA NA NA 265 158 NA NA NA NA NA NA NA 369 244 NA NA NA NA NA NA NA
1681203600.0 505.0 42 0 NA NA NA NA NA NA NA 173 0 NA NA NA NA NA NA NA 269 159 NA NA NA NA NA NA NA 369 265 NA NA NA NA NA NA NA
1681203600.0 506.0 47 0 NA NA NA NA NA NA NA 171 0 NA NA NA NA NA NA NA 262 155 NA NA NA NA NA NA NA 348 222 NA NA NA NA NA NA NA
1681203600.0 507.0 37 0 NA NA NA NA NA NA NA 165 0 NA NA NA NA NA NA NA 1307 155 NA NA NA NA NA NA NA 1109 230 NA NA NA NA NA NA NA
1681203600.0 508.0 42 0 NA NA NA NA NA NA NA 172 0 NA NA NA NA NA NA NA 261 155 NA NA NA NA NA NA NA 361 240 NA NA NA NA NA NA NA
1681203600.0 509.0 37 0 NA NA NA NA NA NA NA 163 0 NA NA NA NA NA NA NA 254 156 NA NA NA NA NA NA NA 355 227 NA NA NA NA NA NA NA
1681203600.0 510.0 38 0 NA NA NA NA NA NA NA 164 0 NA NA NA NA NA NA NA 2568 160 NA NA NA NA NA NA NA 1906 236 NA NA NA NA NA NA NA
1681203600.0 511.0 63 0 NA NA NA NA NA NA NA 174 0 NA NA NA NA NA NA NA 6893 166 NA NA NA NA NA NA NA 10304 395 NA NA NA NA NA NA NA
1681203600.0 512.0 21 46 0 NA NA NA NA NA NA 103 176 0 NA NA NA NA NA NA 19162 305 158 NA NA NA NA NA NA 42915 413 262 NA NA NA NA NA NA
1681203600.0 513.0 21 44 0 NA NA NA NA NA NA 103 178 0 NA NA NA NA NA NA 2039 309 158 NA NA NA NA NA NA 2973 359 241 NA NA NA NA NA NA
1681203600.0 514.0 20 42 0 NA NA NA NA NA NA 102 177 0 NA NA NA NA NA NA 1092 270 154 NA NA NA NA NA NA 588 394 231 NA NA NA NA NA NA
1681203600.0 515.0 21 39 0 NA NA NA NA NA NA 104 168 0 NA NA NA NA NA NA 19252 260 157 NA NA NA NA NA NA 42949 355 237 NA NA NA NA NA NA
1681203600.0 516.0 21 44 0 NA NA NA NA NA NA 104 174 0 NA NA NA NA NA NA 18381 265 158 NA NA NA NA NA NA 42028 394 247 NA NA NA NA NA NA
1681203600.0 517.0 19 45 0 NA NA NA NA NA NA 101 179 0 NA NA NA NA NA NA 1031 267 157 NA NA NA NA NA NA 749 356 238 NA NA NA NA NA NA
1681203600.0 518.0 21 41 0 NA NA NA NA NA NA 105 171 0 NA NA NA NA NA NA 19132 262 159 NA NA NA NA NA NA 42931 388 256 NA NA NA NA NA NA
1681203600.0 519.0 21 42 0 NA NA NA NA NA NA 103 172 0 NA NA NA NA NA NA 18372 274 157 NA NA NA NA NA NA 42032 412 237 NA NA NA NA NA NA
1681203600.0 520.0 19 49 0 NA NA NA NA NA NA 102 180 0 NA NA NA NA NA NA 1025 268 157 NA NA NA NA NA NA 644 355 227 NA NA NA NA NA NA
1681203600.0 521.0 21 41 0 NA NA NA NA NA NA 104 166 0 NA NA NA NA NA NA 20159 226 157 NA NA NA NA NA NA 62509 352 237 NA NA NA NA NA NA
1681203600.0 522.0 20 41 0 NA NA NA NA NA NA 104 165 0 NA NA NA NA NA NA 1975 225 160 NA NA NA NA NA NA 2409 338 258 NA NA NA NA NA NA
1681203600.0 523.0 21 44 0 NA NA NA NA NA NA 103 169 0 NA NA NA NA NA NA 2344 239 158 NA NA NA NA NA NA 1831 359 244 NA NA NA NA NA NA
1681203600.0 524.0 19 39 0 NA NA NA NA NA NA 102 173 0 NA NA NA NA NA NA 1037 227 157 NA NA NA NA NA NA 807 348 233 NA NA NA NA NA NA
1681203600.0 525.0 21 40 0 NA NA NA NA NA NA 105 170 0 NA NA NA NA NA NA 18362 220 158 NA NA NA NA NA NA 42029 350 241 NA NA NA NA NA NA
1681203600.0 526.0 21 38 0 NA NA NA NA NA NA 103 165 0 NA NA NA NA NA NA 19197 231 156 NA NA NA NA NA NA 42936 379 235 NA NA NA NA NA NA
1681203600.0 527.0 19 39 0 NA NA NA NA NA NA 102 172 0 NA NA NA NA NA NA 1037 229 156 NA NA NA NA NA NA 790 342 229 NA NA NA NA NA NA
1681203600.0 528.0 21 40 0 NA NA NA NA NA NA 103 167 0 NA NA NA NA NA NA 18384 219 159 NA NA NA NA NA NA 42034 332 241 NA NA NA NA NA NA
1681203600.0 529.0 21 44 0 NA NA NA NA NA NA 104 167 0 NA NA NA NA NA NA 19135 225 158 NA NA NA NA NA NA 42937 352 238 NA NA NA NA NA NA
1681203600.0 530.0 20 41 0 NA NA NA NA NA NA 102 172 0 NA NA NA NA NA NA 1035 226 153 NA NA NA NA NA NA 781 334 219 NA NA NA NA NA NA
1681203600.0 531.0 47 0 NA NA NA NA NA NA NA 275 0 NA NA NA NA NA NA NA 217 158 NA NA NA NA NA NA NA 325 225 NA NA NA NA NA NA NA
1681203600.0 534.0 180 0 NA NA NA NA NA NA NA 341 0 NA NA NA NA NA NA NA 1647 161 NA NA NA NA NA NA NA 3119 248 NA NA NA NA NA NA NA
1681203600.0 535.0 50 0 NA NA NA NA NA NA NA 191 0 NA NA NA NA NA NA NA 1423 155 NA NA NA NA NA NA NA 1598 226 NA NA NA NA NA NA NA
1681203600.0 536.0 46 0 NA NA NA NA NA NA NA 184 0 NA NA NA NA NA NA NA 352 154 NA NA NA NA NA NA NA 756 232 NA NA NA NA NA NA NA
1681203600.0 537.0 50 0 NA NA NA NA NA NA NA 193 0 NA NA NA NA NA NA NA 3844 176 NA NA NA NA NA NA NA 4769 500 NA NA NA NA NA NA NA
1681203600.0 538.0 48 0 NA NA NA NA NA NA NA 193 0 NA NA NA NA NA NA NA 19480 157 NA NA NA NA NA NA NA 43086 246 NA NA NA NA NA NA NA
1681203600.0 541.0 42 0 NA NA NA NA NA NA NA 166 0 NA NA NA NA NA NA NA 237 162 NA NA NA NA NA NA NA 401 257 NA NA NA NA NA NA NA
1681203600.0 545.0 36 0 NA NA NA NA NA NA NA 167 0 NA NA NA NA NA NA NA 263 159 NA NA NA NA NA NA NA 406 254 NA NA NA NA NA NA NA
1681203600.0 546.0 42 52 NA NA NA NA NA NA NA 171 193 NA NA NA NA NA NA NA 274 262 NA NA NA NA NA NA NA 370 366 NA NA NA NA NA NA NA
1681203600.0 547.0 21 45 49 NA NA NA NA NA NA 104 177 197 NA NA NA NA NA NA 19130 336 258 NA NA NA NA NA NA 42929 385 359 NA NA NA NA NA NA
1681203600.0 548.0 20 46 52 NA NA NA NA NA NA 102 178 200 NA NA NA NA NA NA 1065 301 268 NA NA NA NA NA NA 1006 384 389 NA NA NA NA NA NA
1681203600.0 551.0 20 45 0 NA NA NA NA NA NA 102 176 0 NA NA NA NA NA NA 2382 425 157 NA NA NA NA NA NA 4186 423 241 NA NA NA NA NA NA
1681203600.0 552.0 19 44 0 NA NA NA NA NA NA 103 180 0 NA NA NA NA NA NA 1026 268 156 NA NA NA NA NA NA 725 372 239 NA NA NA NA NA NA
1681203600.0 554.0 19 44 0 NA NA NA NA NA NA 102 178 0 NA NA NA NA NA NA 4227 268 158 NA NA NA NA NA NA 1537 366 233 NA NA NA NA NA NA
1681203600.0 555.0 20 42 0 NA NA NA NA NA NA 103 178 0 NA NA NA NA NA NA 3318 264 158 NA NA NA NA NA NA 4047 382 254 NA NA NA NA NA NA
1681203600.0 556.0 20 44 0 NA NA NA NA NA NA 102 180 0 NA NA NA NA NA NA 1067 322 155 NA NA NA NA NA NA 587 415 228 NA NA NA NA NA NA
1681203600.0 560.0 43 0 NA NA NA NA NA NA NA 171 0 NA NA NA NA NA NA NA 263 158 NA NA NA NA NA NA NA 360 243 NA NA NA NA NA NA NA
1681203600.0 561.0 42 0 NA NA NA NA NA NA NA 170 0 NA NA NA NA NA NA NA 264 161 NA NA NA NA NA NA NA 338 249 NA NA NA NA NA NA NA
1681203600.0 562.0 20 42 0 NA NA NA NA NA NA 102 172 0 NA NA NA NA NA NA 992 262 156 NA NA NA NA NA NA 803 373 231 NA NA NA NA NA NA
1681203600.0 570.0 34 0 NA NA NA NA NA NA NA 157 0 NA NA NA NA NA NA NA 380 157 NA NA NA NA NA NA NA 494 239 NA NA NA NA NA NA NA
1681203600.0 571.0 31 0 NA NA NA NA NA NA NA 157 0 NA NA NA NA NA NA NA 405 158 NA NA NA NA NA NA NA 448 236 NA NA NA NA NA NA NA
1681203600.0 572.0 39 0 NA NA NA NA NA NA NA 158 0 NA NA NA NA NA NA NA 329 156 NA NA NA NA NA NA NA 405 242 NA NA NA NA NA NA NA
1681203600.0 573.0 34 0 NA NA NA NA NA NA NA 158 0 NA NA NA NA NA NA NA 720 155 NA NA NA NA NA NA NA 1018 226 NA NA NA NA NA NA NA
1681203600.0 574.0 35 0 NA NA NA NA NA NA NA 159 0 NA NA NA NA NA NA NA 788 153 NA NA NA NA NA NA NA 678 217 NA NA NA NA NA NA NA
1681203600.0 575.0 37 0 NA NA NA NA NA NA NA 159 0 NA NA NA NA NA NA NA 514 157 NA NA NA NA NA NA NA 464 238 NA NA NA NA NA NA NA
1681203600.0 576.0 40 0 NA NA NA NA NA NA NA 158 0 NA NA NA NA NA NA NA 290 167 NA NA NA NA NA NA NA 356 281 NA NA NA NA NA NA NA
1681203600.0 577.0 38 0 NA NA NA NA NA NA NA 157 0 NA NA NA NA NA NA NA 268 160 NA NA NA NA NA NA NA 348 248 NA NA NA NA NA NA NA
1681203600.0 6.0 NA 114 260 0 NA NA NA NA NA NA 270 493 0 NA NA NA NA NA NA 1208 1828 420 NA NA NA NA NA NA 1531 3684 880 NA NA NA NA NA
1681203600.0 7.0 62 92 122 45 0 NA NA NA NA 222 241 316 175 0 NA NA NA NA 610 247 476 206 224 NA NA NA NA 995 907 809 405 344 NA NA NA NA
1681203600.0 7.1 61 102 121 52 0 NA NA NA NA 219 239 311 194 0 NA NA NA NA 968 242 502 276 245 NA NA NA NA 1121 604 1048 894 487 NA NA NA NA
1681203600.0 7.2 66 181 270 59 0 NA NA NA NA 220 355 639 195 0 NA NA NA NA 621 1048 629 284 260 NA NA NA NA 1199 1080 1203 794 310 NA NA NA NA
1681203600.0 7.21 64 174 272 58 0 NA NA NA NA 219 337 641 196 0 NA NA NA NA 670 867 649 288 292 NA NA NA NA 1318 1493 1289 684 521 NA NA NA NA
1681203600.0 7.22 63 116 166 58 0 NA NA NA NA 218 278 372 195 0 NA NA NA NA 617 261 536 272 229 NA NA NA NA 1213 1237 1093 592 327 NA NA NA NA
1681203600.0 7.23 78 169 255 70 0 NA NA NA NA 232 304 514 208 0 NA NA NA NA 1085 279 590 230 275 NA NA NA NA 1366 581 717 337 362 NA NA NA NA
1681203600.0 7.24 69 137 234 68 0 NA NA NA NA 225 294 510 191 0 NA NA NA NA 1047 258 573 222 282 NA NA NA NA 1762 377 829 353 363 NA NA NA NA
1681203600.0 7.3 62 152 255 59 0 NA NA NA NA 218 319 625 200 0 NA NA NA NA 994 570 652 293 270 NA NA NA NA 1705 1710 1407 884 326 NA NA NA NA
1681203600.0 7.4 64 166 263 59 0 NA NA NA NA 216 330 635 198 0 NA NA NA NA 623 794 617 276 282 NA NA NA NA 1797 928 1282 1032 458 NA NA NA NA
1681203600.0 8.0 NA 104 129 48 0 NA NA NA NA NA 266 319 178 0 NA NA NA NA NA 1120 600 193 218 NA NA NA NA NA 1098 1050 582 306 NA NA NA NA
1681203600.0 8.1 65 193 278 48 0 NA NA NA NA 218 368 640 175 0 NA NA NA NA 618 1395 637 183 275 NA NA NA NA 1539 914 1110 286 385 NA NA NA NA
1681203600.0 8.2 80 165 261 42 0 NA NA NA NA 227 326 530 173 0 NA NA NA NA 1023 378 616 185 276 NA NA NA NA 1257 718 1044 285 361 NA NA NA NA
1681203600.0 9.0 NA 132 292 0 NA NA NA NA NA NA 298 558 0 NA NA NA NA NA NA 1594 3709 469 NA NA NA NA NA NA 1256 3850 638 NA NA NA NA NA
